SEQUENCE: aguacguaauaacuZZwwwwwwwwwwwww
SCORE:     score     fa_atr     fa_rep    fa_intra_rep    lk_nonpolar    fa_elec_rna_phos_phos     mg_lig     mg_sol    hoh_ref    rna_torsion    suiteness_bonus    rna_sugar_close    fa_stack    stack_elec    geom_sol_fast    hbond_sr_bb_sc    hbond_lr_bb_sc    hbond_sc        ref    free_suite    free_2HOprime    intermol    other_pose    loop_close    linear_chainbreak    time    missing        rms    rms_fill description
REMARK BINARY SILENTFILE    FULL_MODEL_PARAMETERS  FULL_SEQUENCE aguacguaauaacuZZwwwwwwwwwwwww  CONVENTIONAL_RES_CHAIN R:133-137,R:181-187,R:189-190,R:1001-1002,R:1005-1009,w:1001-1008  CUTPOINT_OPEN 5,12,14-29  DOCK_DOMAIN 1:1-16 2:17 3:18 4:19 5:20 6:21 7:22 8:23 9:24 10:25 11:26 12:27 13:28 14:29  EXTRA_MINIMIZE 7  FIXED_DOMAIN 1-6,12-16  INPUT_DOMAIN 1-7,12-16  SAMPLE 8-11,17-29  WORKING 1-29  RNA_TERMINAL 1,5-6,13-14  RNA_BLOCK_STACK_ABOVE 5,14  RNA_BLOCK_STACK_BELOW 1,6,13
SCORE:   352.575    -25.900    351.176           0.354          1.605                    0.101    -57.903      2.786     11.000          9.048              0.000              1.881     -19.817        -2.102           16.013            -0.159            -1.583     -17.887     39.520        -2.000            0.000      36.800         0.000         9.643                0.000 8053.440          4      1.851       6.580    S_000001_000
RES_NUM R:133-137 R:181-182 R:186-187 R:189-190 R:1001-1002 R:1005-1009 w:1001-1007 S_000001_000
FOLD_TREE  EDGE 1 5 -1  JEDGE 1 10 2 C4 C2  INTRA_RES_STUB  JEDGE 1 6 4 C4 C4  INTRA_RES_STUB  EDGE 6 7 -1  EDGE 10 11 -1  JEDGE 11 9 1 C2 C4  INTRA_RES_STUB  JEDGE 9 12 3 C4 MG  INTRA_RES_STUB  JEDGE 12 14 5 MG O  INTRA_RES_STUB  JEDGE 12 15 6 MG O  INTRA_RES_STUB  JEDGE 12 16 7 MG O  INTRA_RES_STUB  JEDGE 12 17 8 MG O  INTRA_RES_STUB  JEDGE 12 18 9 MG O  INTRA_RES_STUB  JEDGE 12 19 10 MG O  INTRA_RES_STUB  EDGE 12 13 -1  JEDGE 13 20 11 MG O  INTRA_RES_STUB  JEDGE 13 21 12 MG O  INTRA_RES_STUB  JEDGE 13 22 13 MG O  INTRA_RES_STUB  JEDGE 13 23 14 MG O  INTRA_RES_STUB  JEDGE 13 24 15 MG O  INTRA_RES_STUB  JEDGE 13 25 16 MG O  INTRA_RES_STUB  EDGE 9 8 -1  S_000001_000
RT 0.525558 -0.830129 -0.186214 -0.837917 -0.542959 0.0555906 -0.147254 0.126816 -0.980935 -3.68976 -4.69887 6.73067   S_000001_000
RT -0.797144 0.590299 -0.126921 0.600152 0.751602 -0.273699 -0.06617 -0.29435 -0.953404 7.97897 -2.85667 -3.37853   S_000001_000
RT 0.14427 -0.806389 0.573519 0.366649 -0.494767 -0.787892 0.919105 0.323949 0.224281 2.8484 9.82942 -4.7471   S_000001_000
RT 0.535963 0.594764 -0.599165 0.740279 -0.67228 -0.00515027 -0.40587 -0.440789 -0.800609 2.56014 -10.2489 -10.4662   S_000001_000
RT 0.683715 -0.674279 0.279073 -0.118296 0.274956 0.954152 -0.720097 -0.685381 0.108227 -2.1 -1.00198e-14 1.60982e-15   S_000001_000
RT 0.37878 0.349439 -0.856982 0.645289 0.564057 0.515211 0.663421 -0.748153 -0.0118353 1.70419e-14 0.422483 -2.05706   S_000001_000
RT -0.656393 -0.712194 0.248852 0.581688 -0.687829 -0.434201 0.480404 -0.140252 0.865761 2.44249e-14 -2.05706 -0.422483   S_000001_000
RT -0.512464 0.826542 -0.232827 -0.792082 -0.350281 0.499909 0.331641 0.440603 0.834196 2.1 1.35725e-14 4.32987e-15   S_000001_000
RT -0.220874 0.434073 -0.873381 -0.702844 -0.691697 -0.166029 -0.676184 0.57718 0.457864 -6.16174e-15 -0.422483 2.05706   S_000001_000
RT -0.72834 -0.216863 -0.649993 -0.65117 0.514352 0.55805 0.213304 0.829706 -0.515838 -2.60347e-14 2.05706 0.422483   S_000001_000
RT -0.079238 0.66437 0.743192 0.867464 -0.32137 0.379773 0.491149 0.674785 -0.550852 1.35946 -1.45472 0.667569   S_000001_000
RT 0.471678 0.702949 0.532336 -0.284973 -0.449792 0.84645 0.834452 -0.550954 -0.0118353 0.934635 0.0104685 -1.88052   S_000001_000
RT -0.89065 0.0930583 0.445065 0.10638 0.994313 0.00498502 -0.44207 0.051786 -0.895485 1.29935 1.51449 0.654221   S_000001_000
RT 0.929614 0.103657 -0.353656 0.220119 0.613482 0.758411 0.295577 -0.782876 0.547484 -1.35946 1.45472 -0.667569   S_000001_000
RT 0.38674 -0.272352 -0.881054 -0.680765 -0.728801 -0.0735355 -0.622086 0.62823 -0.467265 -0.934635 -0.0104685 1.88052   S_000001_000
RT 0.0680781 -0.0802192 -0.99445 0.881382 -0.462208 0.0976226 -0.467474 -0.883136 0.0392375 -1.29935 -1.51449 -0.654221   S_000001_000
ANNOTATED_SEQUENCE: a[RAD:Virtual_Phosphate:BlockStackBelow]guac[RCY:BlockStackAbove]g[RGU:Virtual_Phosphate:BlockStackBelow]ua[RAD:Virtual_Phosphate]ac[RCY:Virtual_Phosphate:BlockStackBelow]u[URA:BlockStackAbove]Z[MG]Z[MG]wwwwwwwww[HOH:VirtualWater]www S_000001_000
LFD+gC5lueH8w1HlQAA8gCZQgcHssdwkQe+ehCd9oZHs8SVlQBWBhC9RhrH857JlQb8+gC5OfwHsvfelQGE0gCd8S8HsmZclQQgJgCtco9HcepTlQMdPhC99TBIMZ7MlQMI4hCd+eCI8HFWlQDCIgCtdeDIMCsGlQR2ygC9TNGIcxgKlQHaxgCdnPJIsWkdlQjXyeCNHaKI8Mz8jQRL6eC1h2MIMpwPkQktTfC99zKI8hWikQ+TlfCpEjFIMuegkQlYgfCtyhCIMAAOkQNzEfCd9IFIs8S7jQiW8eClYwCIsSMojQ3k4fC14l6H8NJSkQBWFgCBVj6Hc6mmkQWOAgC14FCIsmZwkQuzogCZa6sH8GAnlQejahCh6tvHcIwllQJQmcCRfm7HsYupkQVC/bCJj1EI88XbkQ950gCtwl/HcEoqlQ/+ShCtRg+HMYs/kQwthfCdU0FI8AnLlQWa7gChkZIIszO+kQNdNhC9gFJI8uiklQkGreCRHqQIMACQkQsJpeCBL1EIMtxbjQ5QJfCBY49Hc3omjQJBPgC9SJ0HclQukQ S_000001_000
LJGgiCtxrDI8jCHlQyLhiCZPK/HMAA2kQGEEjCVNeEIcy2VlQ5lWiChALJIMCs6kQIwWiCdTCOIMAAGlQmuBiC1MTSIM/p4kQKxYhChpbQIsX6wkQBWZiC9owTIcjXkkQMd7iCFCMXIsCXpkQT3QhCJwqSI81jckQXk1hCBAgWIcMIYkQueshC1NpbIsBBgkQv0pgClYQPIMsyPjQW5ogCVj3TIs/UbjQSMcgCZkNYIcjXQjQiW0gC1NJUI8isvjQ9oAhC9SXPIMpw3jQY6ChCxggKI8fqtjQIF2gCFsSKIMDCYjQ+T1gClBhGI8OfLjQNeRhChrnGIckt7jQepXhCJwKJIMsyNkQmuNhCxggOI8kYMkQeLHiC5RkNIMaeTlQLa0iCpYCPIcqLJlQOH9hCBheVIM4jBlQnqjiCZPfQIMTedkQV71gCh7qUIM7JdkQ5i7hC54mWIsFvIkQhkuhCZXOeI8bQUkQLWhgCdTcPIMxtAjQEPbgC1atbIMycXjQS4TgCZV5XI8tTBjQ8CihCZNbHIMb1akQ S_000001_000
LmZijC57HYIsQgZkQzhujCFDCTIcc9OkQsHBkCtxLbIMCsmkQJGQjC557bIsQgHkQ7RFjCd8ShI8kYMkQQg1iC5O/jIMXP4jQMdPiCh/UhIcIwwjQb8SjCxKnjI8jCljQEY1jCRLSnIMoamjQsyNiCxLdhIMXPajQktziCpw1kIMtITjQf/oiCd8SqIcGESjQQgNiC56xbIstzRjQNeBiChWEbIsU48iQ673hChVueI8gAxiQZ7AiCJE4VIs++1iQktLiCRKcRIs++BjQy2JiC1NJNIs8S5iQbnXiCVjXSIstzXjQGEYiCpvfXI84lejQi7uiCdHUhIMoYXkQMqejCxgIjIsN7RkQ2luiCJJunIc4g7jQ4GejCle9fIct8jjQ/LzhCtBMjIczoVjQOV+iC5qjjI8sTFjQIHCjCZobsIs8+VjQkE4hC1QSVIMmIniQK+eiCpvWPIMaJhjQaLgiCRwLYIMHetjQ S_000001_000
LU4ikChWklIsX6cjQOJukCFtIgI857jjQxgAlCx1DqIsQghjQW5YkCNyWlIcJGEjQTiRkCJFOqIsoF5iQU4GkCZPKpI857hiQcSgjCxgAmI8xLhiQ8nmkClYwlIMYlViQ7RJlClYwoIcktNiQLyijCR2OiIMueQiQpbKkCVMojIMmuDiQ9oAkCNyWnI8LdzhQmuRjCNzsOIsED+hQnvPjChrHTI8hWyhQHvUjCZPKYIsDt4hQKxcjCVOUYIsnvNiQ67fjCZ6GUIstzbiQdoZjC5O/OIsuJTiQShbjC98dKIc3keiQfUojCR14VIMUNwiQ2jqjCxKHbIcy2tiQVjjjC1MzcI8LdZiQ5r5jCdJHsI8H6/iQMRrkCZjcsIM695iQ8LCkCBelsIsPraiQKXxkCdA6iIct7eiQUdJjChxliIs1UHiQtiWkCduYgIM0T9hQjdZkCNjrpIcpKxhQU3JjCx4oSIcJEjhQvHXjClcAHIsTiXiQ7PhjCNXnKI8l+tiQMTwjCFOkdI8Lw5iQ S_000001_000
LEt4lCpwVmI8KHOiQiWAmCpFZjIcJGiiQNzUmCJaxqIs8SHiQ033lCR14hIstz7hQqxzlCpFZjI8z3lhQFuilCRhreIs/UZhQzM/kCZ5QcIMQ1khQXkBmCx1DaIsYQWhQ++dmCd9IbI80NFhQXk9kC9owWI8cofhQ78hlCx0tVIMAAQhQY6SlCJaRWI8Gv6gQbn/kCxLdTIcKczhQ+T1kCtyBOIsnvxhQVjrkChVOMIs78fhQCs2kCFZ7KI8OfDiQQgBlC9mENIcdTWiQdTClCFu+JIsTiniQZQMlCtHlSIcgVYiQtdKlCxKnVIsDtGiQROomCtqXNIscU6hQBIglCd2bmIM4zkhQm5PmClkdkIMmaghQufYlCVG9fIMwaLhQ4fRmC5HeZIcZjjhQjOikCpUEWIM9eYhQc7tlC9DJSIcvUShQuNYlCJ+7SI8t8ygQTLKlC93fLIMJc1iQ/B7kChXLGIc2WmiQznUlCRrGUIcqKmiQEwRlC1YaZIcmyHiQ S_000001_000
LjXCjCJbnCHcf/SiQnE7iCZ6mKHc14jiQGEgiC1Mz6Gs78NiQcSMjC13PJHc149hQgqVjCtz3DHsArqhQqxrjC5OfLHMEYbhQU4SkC5OfPH8jClhQb8SjCpZmVHMVjVhQOJ2iCRKcTHMW5EhQWOYkCNHaaHc5QfhQDX3jChWkcH825NhQDCIkCBBWZHs++5gQGZrkCJwKAIMQ16hQ1NxkClCX8Hc0imhQOJ+kCFXvBIMv0XhQzMrkC9TNyHs8ShhQpwdkC5QLsHcGEyhQIwWkCBBWvHM/pGiQgqdkCFXP6Hs++LiQmuZkC5lu+H8LddiQNeJkCJv0mHMtITiQc9IkClDteHMUNGiQxgUkCNHahHMpwxhQRSojCFtw9Gc7xthQq76iC5OQBH8WWkhQWD6lC1JahHsUYNiQtwLmC5PhwHstiDiQ+BzjCJInHH8tOOhQHtDjCxRMYH8MOihQhE1kChSLbHMXTZhQuJvjCpqIkHseiNhQCuyjClj7UH8wmygQDWxkCRM+DI8GL9hQwMDlC9olAIctCJhQ8iClCRXfFI8VzbhQRuAkC5IeXHcAoKiQ S_000001_000
LZZJiC9tHZHMkuBhQgC5hClFvcHc0eWhQnBwhCx1bSHMi3ygQmqViCpN/jHcrb1gQY5siCBIejHsd6hgQRl3iC9rsuH83JbgQW8NjCt+wzHs7rsgQ3MRiCpTp1HMofWgQ2LbiC5/I9HctlGgQMY4iCdXG9HMp2ygQlbKiCZoN7Hs94rgQZT0hClOgCIsXRqgQ2G7iCRdR+H8doKhQ+tFjCVaBEIccSThQHnOjCZO4HIsNZIhQYbGjCJMNEIMWTphQG98iC5N+/HsKu2hQOh+iCZmmAIs4IKiQb5xiChbF2HsYlshQ7jxiC1am1H8aQXhQrBHjC9PSfHshLkgQeQbiC1v6fHM4EXgQBJKjCxsZuH8biOgQ/R5hC1KHxHsY+RgQaUDjCB1xBIc10rgQAM8hCRbg2HMMN2gQS2ehC5UOCIcV4egQ/TOjCd1oHIMswvhQpvqiCF5yvHcXP1hQV5piCl8xuHstkQhQ S_000001_000
LgP/lCtLsKIcY1xeQvf0lChcSGIch0TeQ7lCmCBQQQI8amheQT+clC9PoKIcEmXfQ4ChlCdLIOIMsJ7fQltBlCZWvMI8YEPgQB7LlCF4bHIcvIXgQrkSkCJukMIcYjIgQAm4jCh1iOIMlnZgQk/mkCR5KEIsUlWgQNcKkCZOnGIc9WFgQ1QfjCxiCFIsxuHgQNfjlCVLDvH8c25eQM1alC1si5H81r5eQ4FLlC1Yo/HMU5YfQz2DlCNyx5H8fR8fQ4HLlCNT8uHMJqAgQ30blCJ4ZpH814dfQ/eklCNo8eH8YCefQs1/kCh5prH8RHVgQjOykCJfb0HMhVegQ7wzkCNKS9HMtWRgQQN+lCNu3NIMpQDgQ20blClkzRIcisxfQcGFlCt3UPI8qvagQ1qNkCd1kOIMfp2fQJ3XkCtKNEIsQVkgQOvUkCtliFIsgXufQDGdjCJ/KBIcGaFgQL9glCNMR9H8LxeeQUHwlCFihbHcXUEfQcLflCxCsaHMa03fQO6nkClwp0H8SJtgQ S_000001_000
LbStjCFmzUIcnDbgQhDUjCxkQWIskyHgQtTVkCZVwXI8s/fgQTZOjCtxOVIM8bvgQ++liCtd+SI8FZxgQ7RFiCpbSXIcep1gQBWJiCtcIZIcbnLhQ35XhCJaRVI84lygQWOIhCZm5WIMDCegQQ1ghC14FZIcGEWhQGZ/gCpF5XI8a8EhQT3sgC13vcIcPK+gQx1fhC1jiFI84l0hQaRahCdRWHIM8nghQzhahCVjXMI8FZZhQXkhhC9n6PI80NphQcSohCtcoOIcgV+hQqGnhCJwKJI8HFEiQW5shCFueHI8HFYiQjXuhC1iMTI8kYKiQuzrhC57HXIMCs8hQDCkhClsdVI8bSohQB4eiCB9FRIsjGkgQHLmiCV8ZQI8+N9gQXmKiCB0SaIM87rgQ6pXhCxRXRIsY6zgQknbhCJPqcIMpCchQ7NqgCNecVI8ZHLhQ74jgCFwYcIMdNvgQTTVhCJhlEI8NxVhQsyrhCtWpDI8UVbiQmNyhClUEKIMQjjiQQ8uhClA5aIcLxAiQ S_000001_000
LCsCdChrHNI8yhKhQ1NpcCJbnIIsDtYhQO0KcCRf/OIciB5gQJbXdCBqGSIMnEZhQFuudClX6WIciBPhQbnXeCVNeaIMBWfhQIwqfC12ZYIMW5khQ67ndChrnaIcjX0hQf/kcChUYeIsoFzhQ7R5fChVOZI8d+6hQUNueCVNecIM7RDiQBr8eCxL9hI80NBiQ8S/fCZ78TIcNeFiQT3MgCJaxTIMCsaiQpwVgCRK8XIcxgkiQDXPgCBr8OIcMIkiQKcFgC9RhKIc2OZiQNzIgChp7FIMmujiQ67vfCBqmKIMVjDiQb8qfCR1YPI8eU6hQsvWeC97HWIcyXDhQCX7cC5NmYIMDEJhQF1phCh7AOIsyH/hQBXeeCxRDeIMgMZhQUsRdCxyCXIMXk3hQVKXgClgObI8XW9hQkIieCx9dbI8KISiQTKGeCxIwjIskV+hQS7BgCl4jCIsBhciQdJSgCRg6FIcqsyiQdBifCJnSHIc/67hQjlYfC9InPIcUXrhQ S_000001_000
LlDNbCRgVdI8xL/hQKx4aCFDiXIMtI/hQ1NRaCFZbhIczM3hQpbibCpbyeIMShXiQY62bCNzMkIMQ1ciQbnPcChpbkI8NJ0iQ+TddCVjXhIMSh3iQBWRbC1NphI8a8CjQSMIaC5P1kIM+THjQ8nadC989eIsBBMjQvJJcCR14gIspbWjQjXacC5QrlIMZ7gjQQ1gdCBqGZIMaRKjQ3k4dCNdTWIcgVcjQtdGeCBWZYIMmutjQXk9dCV46QIMEYZjQDXvdCdSMOIcxgGjQe+2dCRgVJIMRLGjQ5lWdClCXRIssd0iQSMQdCd9oWIMtI3iQSYWaC5yRSI8RHWjQQbmcC1sZlIcwyTiQb4EbC5ddmI8nFaiQDLacChqKoI8MF4iQTe/aCFUQeI89d8iQKzLeC5URgI8JQUjQ5rwbCRWQeIsZTgjQPEobC9aAoIcD6fjQitMeCx4xOI8s8ljQk7KdCtxpPIcnpmiQoL/cCxRzYIsKyqiQ S_000001_000
LYlHjC9mECIcgVKeQZimjCFYeCIcVyReQhzKjCdT1EIs+ZzdQNCPjCZVa+H86S1dQXooiC11qBIcr4CeQPXEjCx0n+HcCRheQjIAjCJD8EI8FYfeQ S_000001_000
LjspiCpbySIsmZafQOyOiCF8DUIMkZofQiVriCZfMWIs1tJfQr76iC97cUIMF2xfQ3mEjCN7gRIMpZMfQkDoiC9XYPIcXFrfQadYiCZ7HRI8H9CfQ S_000001_000
LhlIkCFu6CIM2+ZeQg4YkC1FGCIMbEzeQgGZkCtVlFI8DeLeQ S_000001_000
LRWOjC1q3HIcsLadQkogjCtiSHIMTDCdQcf/iChiHLIMPrTdQ S_000001_000
LuOXjC5wG4HMrJedQ/nJjCF8z1H8aSEdQX6zjCJne1HMy4bdQ S_000001_000
LPlGiCxfOBIsKs6dQW1zhCpRQEIsKs6dQW1zhCxbZ8HsKs6dQ S_000001_000
Lf0AjCBGj4HcUf6eQiyyiCxhJ6H8D9UfQSq5iC5GPxH8Y40eQ S_000001_000
LC83iCZ1FIIsVh2eQeKfiCR1VKI8O21eQ0n9iCFzkHI8aVUfQ S_000001_000
LrLxhCNmdVIsHz3fQxGZhClLcWI8ijmfQ+VnhCBL3VIsIUKgQ S_000001_000
LAJtiCtW8ZI8SX3eQqD8iCFlNaIMqsceQb5aiClIBdIs293eQ S_000001_000
LI5NjC5FSWIsT0FgQunDjCBMOYIM9+RgQJXsjC1ySWIswYHgQ S_000001_000
LaNijCJRHQIcFA9eQxVijCRVpNIMQlleQIp2jCtjySIsDH1eQ S_000001_000
LFQmiCpgoLIM6b9fQt95iCNiVJIc//FgQYILiC5K5JI8+NAgQ S_000001_000
L+fFiCdxSPIMmKpeQplphCps1NIs5CueQTcDiCRVARIcD2NeQ S_000001_000
SCORE:   350.858    -25.904    351.999           0.349          1.537                    0.027    -60.284      2.595     11.000          8.898              0.000              1.870     -19.926        -1.631           16.567            -0.159            -1.420     -18.675     39.520        -2.000            0.000      36.800         0.000         9.695                0.000 8683.970          4      1.729       7.181    S_000002_000
RES_NUM R:133-137 R:181-182 R:186-187 R:189-190 R:1001-1002 R:1005-1009 w:1001-1007 S_000002_000
FOLD_TREE  EDGE 1 5 -1  JEDGE 1 10 2 C4 C2  INTRA_RES_STUB  JEDGE 1 6 4 C4 C4  INTRA_RES_STUB  EDGE 6 7 -1  EDGE 10 11 -1  JEDGE 11 9 1 C2 C4  INTRA_RES_STUB  JEDGE 9 12 3 C4 MG  INTRA_RES_STUB  JEDGE 12 14 5 MG O  INTRA_RES_STUB  JEDGE 12 15 6 MG O  INTRA_RES_STUB  JEDGE 12 16 7 MG O  INTRA_RES_STUB  JEDGE 12 17 8 MG O  INTRA_RES_STUB  JEDGE 12 18 9 MG O  INTRA_RES_STUB  JEDGE 12 19 10 MG O  INTRA_RES_STUB  EDGE 9 8 -1  EDGE 12 13 -1  JEDGE 13 20 11 MG O  INTRA_RES_STUB  JEDGE 13 21 12 MG O  INTRA_RES_STUB  JEDGE 13 22 13 MG O  INTRA_RES_STUB  JEDGE 13 23 14 MG O  INTRA_RES_STUB  JEDGE 13 24 15 MG O  INTRA_RES_STUB  JEDGE 13 25 16 MG O  INTRA_RES_STUB  S_000002_000
RT 0.525558 -0.830129 -0.186214 -0.837917 -0.542959 0.0555906 -0.147254 0.126816 -0.980935 -3.68976 -4.69887 6.73067   S_000002_000
RT -0.797144 0.590299 -0.126921 0.600152 0.751602 -0.273699 -0.06617 -0.29435 -0.953404 7.97897 -2.85667 -3.37853   S_000002_000
RT -0.204701 -0.79349 0.573124 0.123829 -0.601812 -0.78898 0.97096 -0.0905357 0.221449 2.8484 9.82942 -4.7471   S_000002_000
RT 0.535963 0.594764 -0.599165 0.740279 -0.67228 -0.00515027 -0.40587 -0.440789 -0.800609 2.56014 -10.2489 -10.4662   S_000002_000
RT 0.612079 -0.790796 0 0.660215 0.511009 0.550442 -0.435287 -0.336914 0.834874 -2.1 1.66533e-16 -1.11022e-16   S_000002_000
RT 0.790796 0.612079 0 -0.511009 0.660215 0.550442 0.336914 -0.435287 0.834874 -1.69864e-14 1.75323 -1.15593   S_000002_000
RT 0.550375 0.678072 0.48714 -0.271535 -0.406371 0.872429 0.789529 -0.612439 -0.039536 1.83902e-15 -1.15593 -1.75323   S_000002_000
RT -0.612079 0.790796 0 -0.660215 -0.511009 0.550442 0.435287 0.336914 0.834874 2.1 -2.9976e-15 1.9984e-15   S_000002_000
RT -0.790796 -0.612079 0 0.511009 -0.660215 0.550442 -0.336914 0.435287 0.834874 1.78746e-14 -1.75323 1.15593   S_000002_000
RT -0.535202 -0.331064 0.777146 0.262215 0.809441 0.525403 -0.802996 0.484976 -0.346404 0 1.15593 1.75323   S_000002_000
RT -0.556627 0.660044 0.504489 -0.656246 -0.721709 0.220176 0.50942 -0.208513 0.834874 1.85914 -0.474807 -0.853314   S_000002_000
RT 0.933581 0.322506 -0.156255 -0.126038 0.703653 0.699276 0.33547 -0.633137 0.697565 -0.472102 1.16932 -1.67923   S_000002_000
RT -0.949246 -0.219981 -0.22481 -0.310418 0.770449 0.55682 0.0507152 0.598345 -0.799632 0.854814 1.67846 0.928467   S_000002_000
RT 0.0752751 -0.993845 0.0812778 -0.305782 0.0545756 0.950536 -0.949121 -0.096405 -0.299792 -1.85914 0.474807 0.853314   S_000002_000
RT -0.903503 -0.37991 -0.198371 0.256164 -0.849775 0.46072 -0.343603 0.365447 0.865093 0.472102 -1.16932 1.67923   S_000002_000
RT 0.112944 0.167648 -0.979356 0.88013 -0.474299 0.0203099 -0.461102 -0.864254 -0.201121 -0.854814 -1.67846 -0.928467   S_000002_000
ANNOTATED_SEQUENCE: a[RAD:Virtual_Phosphate:BlockStackBelow]guac[RCY:BlockStackAbove]g[RGU:Virtual_Phosphate:BlockStackBelow]ua[RAD:Virtual_Phosphate]ac[RCY:Virtual_Phosphate:BlockStackBelow]u[URA:BlockStackAbove]Z[MG]Z[MG]wwwwwwwww[HOH:VirtualWater]www S_000002_000
LFD+gC5lueH8w1HlQAA8gCZQgcHssdwkQe+ehCd9oZHs8SVlQBWBhC9RhrH857JlQb8+gC5OfwHsvfelQGE0gCd8S8HsmZclQQgJgCtco9HcepTlQMdPhC99TBIMZ7MlQMI4hCd+eCI8HFWlQDCIgCtdeDIMCsGlQR2ygC9TNGIcxgKlQHaxgCdnPJIsWkdlQjXyeCNHaKI8Mz8jQRL6eC1h2MIMpwPkQktTfC99zKI8hWikQ+TlfCpEjFIMuegkQlYgfCtyhCIMAAOkQNzEfCd9IFIs8S7jQiW8eClYwCIsSMojQ3k4fC14l6H8NJSkQBWFgCBVj6Hc6mmkQWOAgC14FCIsmZwkQuzogCZa6sH8GAnlQejahCh6tvHcIwllQJQmcCRfm7HsYupkQVC/bCJj1EI88XbkQ950gCtwl/HcEoqlQ/+ShCtRg+HMYs/kQwthfCdU0FI8AnLlQWa7gChkZIIszO+kQNdNhC9gFJI8uiklQkGreCRHqQIMACQkQsJpeCBL1EIMtxbjQ5QJfCBY49Hc3omjQJBPgC9SJ0HclQukQ S_000002_000
LJGgiCtxrDI8jCHlQyLhiCZPK/HMAA2kQGEEjCVNeEIcy2VlQ5lWiChALJIMCs6kQIwWiCdTCOIMAAGlQmuBiC1MTSIM/p4kQKxYhChpbQIsX6wkQBWZiC9owTIcjXkkQMd7iCFCMXIsCXpkQT3QhCJwqSI81jckQXk1hCBAgWIcMIYkQueshC1NpbIsBBgkQv0pgClYQPIMsyPjQW5ogCVj3TIs/UbjQSMcgCZkNYIcjXQjQiW0gC1NJUI8isvjQ9oAhC9SXPIMpw3jQY6ChCxggKI8fqtjQIF2gCFsSKIMDCYjQ+T1gClBhGI8OfLjQNeRhChrnGIckt7jQepXhCJwKJIMsyNkQmuNhCxggOI8kYMkQeLHiC5RkNIMaeTlQLa0iCpYCPIcqLJlQOH9hCBheVIM4jBlQnqjiCZPfQIMTedkQV71gCh7qUIM7JdkQ5i7hC54mWIsFvIkQjkuhCdXOeIMcQUkQLWhgCdTcPIMxtAjQEPbgC1atbIMycXjQS4TgCZV5XI8tTBjQ8CihCZNbHIMb1akQ S_000002_000
LmZijC57HYIsQgZkQzhujCFDCTIcc9OkQsHBkCtxLbIMCsmkQJGQjC557bIsQgHkQ7RFjCd8ShI8kYMkQQg1iC5O/jIMXP4jQMdPiCh/UhIcIwwjQb8SjCxKnjI8jCljQEY1jCRLSnIMoamjQsyNiCxLdhIMXPajQktziCpw1kIMtITjQf/oiCd8SqIcGESjQQgNiC56xbIstzRjQNeBiChWEbIsU48iQ673hChVueI8gAxiQZ7AiCJE4VIs++1iQktLiCRKcRIs++BjQy2JiC1NJNIs8S5iQbnXiCVjXSIstzXjQGEYiCpvfXI84lejQi7uiCdHUhIMoYXkQMqejCxgIjIsN7RkQ2luiCJJunIc4g7jQ4GejCle9fIct8jjQ/LzhCtBMjIczoVjQOV+iC5qjjI8sTFjQIHCjCZobsIc8+VjQkE4hC1QSVIMmIniQK+eiCpvWPIMaJhjQaLgiCRwLYIMHetjQ S_000002_000
LU4ikChWklIsX6cjQOJukCFtIgI857jjQxgAlCx1DqIsQghjQW5YkCNyWlIcJGEjQTiRkCJFOqIsoF5iQU4GkCZPKpI857hiQcSgjCxgAmI8xLhiQ8nmkClYwlIMYlViQ7RJlClYwoIcktNiQLyijCR2OiIMueQiQpbKkCVMojIMmuDiQ9oAkCNyWnI8LdzhQmuRjCNzsOIsED+hQnvPjChrHTI8hWyhQHvUjCZPKYIsDt4hQKxcjCVOUYIsnvNiQ67fjCZ6GUIstzbiQdoZjC5O/OIsuJTiQShbjC98dKIc3keiQfUojCR14VIMUNwiQ2jqjCxKHbIcy2tiQVjjjC1MzcI8LdZiQ5r5jCdJHsI8H6/iQMRrkCZjcsIM695iQ8LCkCBelsIsPraiQKXxkCdA6iIct7eiQUdJjChxliIs1UHiQtiWkCduYgIM0T9hQ5XZkCR0spIMJQxhQU3JjCx4oSIcJEjhQvHXjClcAHIsTiXiQ7PhjCNXnKI8l+tiQMTwjCFOkdI8Lw5iQ S_000002_000
LEt4lCpwVmI8KHOiQiWAmCpFZjIcJGiiQNzUmCJaxqIs8SHiQ033lCR14hIstz7hQqxzlCpFZjI8z3lhQFuilCRhreIs/UZhQzM/kCZ5QcIMQ1khQXkBmCx1DaIsYQWhQ++dmCd9IbI80NFhQXk9kC9owWI8cofhQ78hlCx0tVIMAAQhQY6SlCJaRWI8Gv6gQbn/kCxLdTIcKczhQ+T1kCtyBOIsnvxhQVjrkChVOMIs78fhQCs2kCFZ7KI8OfDiQQgBlC9mENIcdTWiQdTClCFu+JIsTiniQZQMlCtHlSIcgVYiQtdKlCxKnVIsDtGiQROomCtqXNIscU6hQBIglCd2bmIM4zkhQm5PmClkdkIMmaghQufYlCVG9fIMwaLhQ4fRmC5HeZIcZjjhQjOikCpUEWIM9eYhQc7tlC9DJSIcvUShQkWqlCNHjXIM7qxgQTLKlC93fLIMJc1iQ/B7kChXLGIc2WmiQznUlCRrGUIcqKmiQEwRlC1YaZIcmyHiQ S_000002_000
LjXCjCJbnCHcf/SiQnE7iCZ6mKHc14jiQGEgiC1Mz6Gs78NiQcSMjC13PJHc149hQgqVjCtz3DHsArqhQqxrjC5OfLHMEYbhQU4SkC5OfPH8jClhQb8SjCpZmVHMVjVhQOJ2iCRKcTHMW5EhQWOYkCNHaaHc5QfhQDX3jChWkcH825NhQDCIkCBBWZHs++5gQGZrkCJwKAIMQ16hQ1NxkClCX8Hc0imhQOJ+kCFXvBIMv0XhQzMrkC9TNyHs8ShhQpwdkC5QLsHcGEyhQIwWkCBBWvHM/pGiQgqdkCFXP6Hs++LiQmuZkC5lu+H8LddiQNeJkCJv0mHMtITiQc9IkClDteHMUNGiQxgUkCNHahHMpwxhQRSojCFtw9Gc7xthQq76iC5OQBH8WWkhQWD6lC1JahHsUYNiQtwLmC5PhwHstiDiQ+BzjCJInHH8tOOhQHtDjCxRMYH8MOihQhE1kChSLbHMXTZhQuJvjCpqIkHseiNhQuzWkCVuafH8hXzgQDWxkCRM+DI8GL9hQwMDlC9olAIctCJhQ8iClCRXfFI8VzbhQRuAkC5IeXHcAoKiQ S_000002_000
L+jIiCR6wYHMfRChQNP4hCVu+bHs3SXhQhwvhC54CSHsDPzgQvATiCtO4jHc3c2gQZoniC1gxjHM8LigQ8stiCNOKvH8VEbgQZVFjCppq0HsDorgQOrEiC5dW1HcPFYgQ+vJiCN7C9Hcm+HgQY3tiChLd9Hcf+ygQxp/hC52u6HsWytgQ6fmhCR3CCIMzOtgQ7I0iC9Xb+Hc4nKhQg5BjCpy/DI8mFThQPzKjCpK1HI8aEIhQEwFjCtWGEIc1BphQae8iCp0y/Hcik2hQi/AjC94bAI8O6JiQrCuiCBOI2HMGpshQjoqiC1Cz1HssXXhQyRDjCNuIgHs+jjgQVxViCBA2fHcp+XgQ0G+iCtaMvHMptNgQ3kthC5EYwHMBcUgQCk1iC15FCI874rgQXg0hCNHw1HMCi4gQoWOhCd6eBIMCejgQd5PjC5HdHIsiVvhQV2miCVD4vHcYZ1hQsrgiC1PIvHcO1QhQ S_000002_000
LER+mCp4jJI82ZCgQDPymCBSuEIMyBsfQjeKnCR2hOIcj2tfQLuXmCBI9KIs3ISgQ3jvlChoqMIs3AKgQ9WMlCJx7LIMiQagQAaRlC1/tGIM1PkgQppekC9rGMIc4jRgQm3CkCdPfOIMs/ggQvxqkCpUuDIcbAigQ9pTkC1tMGIM46OgQ1YnjCVyCFIMNJPgQH0CmC1h0sHc+BqfQCb/lCt0f3HcL9ofQl2nlCdy79HcKsAgQSaRlCFAQ4H85GPgQBjRlCdxQtHMHnRgQo0rlCFqWnHcsrDgQNPvlCpntcHc3NEgQHa2kCN3OqHM2HigQRvmkCFfTzH8uGpgQks1kCNWH8H8mUegQUbxlCBedQIMBLGgQBrolCBqlKIMMX6fQDYPlC9qsOIMlSlgQVZdkC9d/NI882DgQ9rYkCBUBEIstxugQbQgkCVV3EI8zlBgQ8bjjCVWKBIMdKOgQTwQmC5OF7HMpFTfQMHCmC5/BZH8EK0fQx2elCh+kYHc+tOgQ6OSkCNnwzHMd80gQ S_000002_000
LUUwjCtFaUIMLKdgQUUYjCZkZUIsWqIgQ8xTkCJkRYIsjXggQDmOjCdTNVIsTMwgQ++liCtd+SI8FZxgQ7RFiCpbSXIcep1gQBWJiCtcIZIcbnLhQ35XhCJaRVI84lygQWOIhCZm5WIMDCegQQ1ghC14FZIcGEWhQGZ/gCpF5XI8a8EhQT3sgC13vcIcPK+gQx1fhC1jiFI84l0hQaRahCdRWHIM8nghQzhahCVjXMI8FZZhQXkhhC9n6PI80NphQcSohCtcoOIcgV+hQqGnhCJwKJI8HFEiQW5shCFueHI8HFYiQjXuhC1iMTI8kYKiQuzrhC57HXIMCs8hQDCkhClsdVI8bSohQFffiCFqLRIMH1jgQIbliClSVQI8M98gQXmKiCB0SaIM87rgQ6pXhCxRXRIsY6zgQknbhCJPqcIMpCchQ7NqgCNecVI8ZHLhQ74jgCFwYcIMdNvgQTTVhCJhlEI8NxVhQsyrhCtWpDI8UVbiQmNyhClUEKIMQjjiQQ8uhClA5aIcLxAiQ S_000002_000
LCsCdChrHNI8yhKhQ1NpcCJbnIIsDtYhQO0KcCRf/OIciB5gQJbXdCBqGSIMnEZhQFuudClX6WIciBPhQbnXeCVNeaIMBWfhQIwqfC12ZYIMW5khQ67ndChrnaIcjX0hQf/kcChUYeIsoFzhQ7R5fChVOZI8d+6hQUNueCVNecIM7RDiQBr8eCxL9hI80NBiQ8S/fCZ78TIcNeFiQT3MgCJaxTIMCsaiQpwVgCRK8XIcxgkiQDXPgCBr8OIcMIkiQKcFgC9RhKIc2OZiQNzIgChp7FIMmujiQ67vfCBqmKIMVjDiQb8qfCR1YPI8eU6hQsvWeC97HWIcyXDhQCX7cC5NmYIMDEJhQF1phCh7AOIsyH/hQBXeeCxRDeIMgMZhQUsRdCxyCXIMXk3hQVKXgClgObI8XW9hQkIieCx9dbI8KISiQTKGeCxIwjIskV+hQS7BgCl4jCIsBhciQdJSgCRg6FIcqsyiQdBifCJnSHIc/67hQjlYfC9InPIcUXrhQ S_000002_000
LlDNbCRgVdI8xL/hQKx4aCFDiXIMtI/hQ1NRaCFZbhIczM3hQpbibCpbyeIMShXiQY62bCNzMkIMQ1ciQbnPcChpbkI8NJ0iQ+TddCVjXhIMSh3iQBWRbC1NphI8a8CjQSMIaC5P1kIM+THjQ8nadC989eIsBBMjQvJJcCR14gIspbWjQjXacC5QrlIMZ7gjQQ1gdCBqGZIMaRKjQ3k4dCNdTWIcgVcjQtdGeCBWZYIMmutjQXk9dCV46QIMEYZjQDXvdCdSMOIcxgGjQe+2dCRgVJIMRLGjQ5lWdClCXRIssd0iQSMQdCd9oWIMtI3iQSYWaC5yRSI8RHWjQQbmcC1sZlIcwyTiQb4EbC5ddmI8nFaiQDLacChqKoI8MF4iQTe/aCFUQeI89d8iQKzLeC5URgI8JQUjQ5rwbCRWQeIsZTgjQPEobC9aAoIsD6fjQitMeCx4xOI8s8ljQk7KdCtxpPIcnpmiQoL/cCxRzYIsKyqiQ S_000002_000
LYlHjC9mECIcgVKeQmfmjCdWCBIcgVKeQc3PjCp47FIcgVKeQYlHjC9mECIcgVqdQKroiCZ3GDIcgVKeQUT/iCZqa8HcgVKeQYlHjC9mECIcgVqeQ S_000002_000
LjspiCpbySIsmZafQsLfiCZxjWIskPcfQrAAjCd86TIsLVFfQKF+iCphfTIMiayfQZN0iC9FBPIcojYfQaYTiC56pRIcBevfQ8TViCtVFSIMrYCfQ S_000002_000
LofIkCx7y/HcgVKeQaVUkCV8u4HcgVKeQ33gkCx0NCIcgVKeQ S_000002_000
Lg+YjC94LKIcgVKeQeO1jCJnqLIcgVKeQpbGjC16ONIcgVKeQ S_000002_000
LYlHjC9mECIMtIHdQEHdjCZO+DIMih3cQ9vuiCRQPCIcZQ1cQ S_000002_000
LIrGiC9vPEIcgVKeQW16hCtvxHIcgVKeQ5SuhCFZ7BIcgVKeQ S_000002_000
LQM2iCxp6zHcgVKeQS8ZiCdN9wHcgVKeQHvIjCFm0tHcgVKeQ S_000002_000
LYlHjC9mECIsTiNfQngyiCdHKAI8kpdfQNfZjC5qsDIcqtifQ S_000002_000
LjnTiCpPtaI8VRefQaKmiChRwdI8VRefQmX3hC19LcI8VRefQ S_000002_000
LojYjCRtKVIM7JueQEKjjCNS4SIs//XeQBDrjCB/NYI8EdteQ S_000002_000
LPgUjCNIRUIMlaGgQRfYjCtOiXIcdJOgQ5ZojCZ30RIMKwMgQ S_000002_000
Lix/iCtn3KIM3hWfQvKFjCN0yIIMxsvfQ58FjClhfIIMjU/eQ S_000002_000
Le16hCFKaQIMpUDgQ/fshCpliSIsT1NgQchmhCxtsNI8MM/fQ S_000002_000
L34+hCJvTRIMD+neQOVjhCl7tPIMIFseQJ26hC9KyTI8H9QeQ S_000002_000
SCORE:   352.253    -25.359    352.049           0.350          1.623                   -0.068    -58.914      2.827     11.000          8.550              0.000              1.904     -19.771        -1.579           15.758            -0.159            -1.212     -18.702     39.520        -2.000            0.000      36.800         0.000         9.636                0.000 7816.980          4      4.266       7.307    S_000003_000
RES_NUM R:133-137 R:181-182 R:186-187 R:189-190 R:1001-1002 R:1005-1009 w:1001-1007 S_000003_000
FOLD_TREE  EDGE 1 5 -1  JEDGE 1 10 2 C4 C2  INTRA_RES_STUB  JEDGE 1 6 4 C4 C4  INTRA_RES_STUB  EDGE 6 7 -1  EDGE 10 11 -1  JEDGE 11 9 1 C2 C4  INTRA_RES_STUB  JEDGE 9 12 3 C4 MG  INTRA_RES_STUB  JEDGE 12 14 5 MG O  INTRA_RES_STUB  JEDGE 12 15 6 MG O  INTRA_RES_STUB  JEDGE 12 16 7 MG O  INTRA_RES_STUB  JEDGE 12 17 8 MG O  INTRA_RES_STUB  JEDGE 12 18 9 MG O  INTRA_RES_STUB  JEDGE 12 19 10 MG O  INTRA_RES_STUB  EDGE 9 8 -1  EDGE 12 13 -1  JEDGE 13 20 11 MG O  INTRA_RES_STUB  JEDGE 13 21 12 MG O  INTRA_RES_STUB  JEDGE 13 22 13 MG O  INTRA_RES_STUB  JEDGE 13 23 14 MG O  INTRA_RES_STUB  JEDGE 13 24 15 MG O  INTRA_RES_STUB  JEDGE 13 25 16 MG O  INTRA_RES_STUB  S_000003_000
RT 0.525558 -0.830129 -0.186214 -0.837917 -0.542959 0.0555906 -0.147254 0.126816 -0.980935 -3.68976 -4.69887 6.73067   S_000003_000
RT -0.797144 0.590299 -0.126921 0.600152 0.751602 -0.273699 -0.06617 -0.29435 -0.953404 7.97897 -2.85667 -3.37853   S_000003_000
RT -0.253382 -0.816944 0.518073 0.798889 -0.478715 -0.364155 0.545503 0.321612 0.773946 2.8484 9.82942 -4.7471   S_000003_000
RT 0.535963 0.594764 -0.599165 0.740279 -0.67228 -0.00515027 -0.40587 -0.440789 -0.800609 2.56014 -10.2489 -10.4662   S_000003_000
RT 0.548406 -0.741491 -0.386577 -0.834358 -0.515979 -0.19394 -0.0556603 0.428901 -0.901635 -2.1 5.32907e-15 4.55191e-15   S_000003_000
RT 0.379771 0.309714 -0.871694 -0.0859054 0.950026 0.300119 0.921083 -0.0390931 0.387398 6.71685e-15 1.84932 -0.994994   S_000003_000
RT 0.417103 0.63629 -0.648969 0.857269 -0.0382852 0.513444 0.301853 -0.770499 -0.561441 6.66134e-15 -0.994994 -1.84932   S_000003_000
RT -0.544005 0.836137 0.0702357 0.0097192 -0.0774207 0.996951 0.839026 0.543029 0.0339906 2.1 -2.44249e-15 5.9952e-15   S_000003_000
RT -0.485694 -0.484202 -0.72777 0.137784 -0.864566 0.483262 -0.863201 0.134442 0.48663 -9.99201e-15 -1.84932 0.994994   S_000003_000
RT 0.809113 0.564571 -0.163084 -0.246714 0.0744699 -0.966223 -0.533357 0.822018 0.199542 2.44249e-15 0.994994 1.84932   S_000003_000
RT -0.366828 0.781619 0.504489 -0.333164 -0.616701 0.71322 0.868585 0.0935518 0.48663 1.90899 -0.581286 -0.654119   S_000003_000
RT 0.926021 0.143521 0.349123 -0.211853 -0.567887 0.795376 0.312416 -0.810497 -0.49547 -0.67908 0.00599817 -1.98716   S_000003_000
RT -0.879733 -0.348569 -0.323371 -0.369266 0.929319 0.00285627 0.29952 0.121923 -0.946268 0.551921 2.01794 -0.182519   S_000003_000
RT 0.846675 -0.464682 -0.259253 0.523704 0.813965 0.251386 0.0942084 -0.348614 0.93252 -1.90899 0.581286 0.654119   S_000003_000
RT -0.956239 -0.187301 -0.224779 -0.0448541 -0.665324 0.745206 -0.289129 0.722677 0.627808 0.67908 -0.00599817 1.98716   S_000003_000
RT 0.0512656 -0.0918781 0.99445 0.740688 -0.66443 -0.099571 0.66989 0.741682 0.0339906 -0.551921 -2.01794 0.182519   S_000003_000
ANNOTATED_SEQUENCE: a[RAD:Virtual_Phosphate:BlockStackBelow]guac[RCY:BlockStackAbove]g[RGU:Virtual_Phosphate:BlockStackBelow]ua[RAD:Virtual_Phosphate]ac[RCY:Virtual_Phosphate:BlockStackBelow]u[URA:BlockStackAbove]Z[MG]Z[MG]wwwwwwwww[HOH:VirtualWater]www S_000003_000
LFD+gC5lueH8w1HlQAA8gCZQgcHssdwkQe+ehCd9oZHs8SVlQBWBhC9RhrH857JlQb8+gC5OfwHsvfelQGE0gCd8S8HsmZclQQgJgCtco9HcepTlQMdPhC99TBIMZ7MlQMI4hCd+eCI8HFWlQDCIgCtdeDIMCsGlQR2ygC9TNGIcxgKlQHaxgCdnPJIsWkdlQjXyeCNHaKI8Mz8jQRL6eC1h2MIMpwPkQktTfC99zKI8hWikQ+TlfCpEjFIMuegkQlYgfCtyhCIMAAOkQNzEfCd9IFIs8S7jQiW8eClYwCIsSMojQ3k4fC14l6H8NJSkQBWFgCBVj6Hc6mmkQWOAgC14FCIsmZwkQuzogCZa6sH8GAnlQejahCh6tvHcIwllQJQmcCRfm7HsYupkQVC/bCJj1EI88XbkQ950gCtwl/HcEoqlQ/+ShCtRg+HMYs/kQwthfCdU0FI8AnLlQWa7gChkZIIszO+kQNdNhC9gFJI8uiklQkGreCRHqQIMACQkQsJpeCBL1EIMtxbjQ5QJfCBY49Hc3omjQJBPgC9SJ0HclQukQ S_000003_000
LJGgiCtxrDI8jCHlQyLhiCZPK/HMAA2kQGEEjCVNeEIcy2VlQ5lWiChALJIMCs6kQIwWiCdTCOIMAAGlQmuBiC1MTSIM/p4kQKxYhChpbQIsX6wkQBWZiC9owTIcjXkkQMd7iCFCMXIsCXpkQT3QhCJwqSI81jckQXk1hCBAgWIcMIYkQueshC1NpbIsBBgkQv0pgClYQPIMsyPjQW5ogCVj3TIs/UbjQSMcgCZkNYIcjXQjQiW0gC1NJUI8isvjQ9oAhC9SXPIMpw3jQY6ChCxggKI8fqtjQIF2gCFsSKIMDCYjQ+T1gClBhGI8OfLjQNeRhChrnGIckt7jQepXhCJwKJIMsyNkQmuNhCxggOI8kYMkQeLHiC5RkNIMaeTlQLa0iCpYCPIcqLJlQOH9hCBheVIM4jBlQnqjiCZPfQIMTedkQV71gCh7qUIM7JdkQ5i7hC54mWIsFvIkQhkuhCZXOeI8bQUkQLWhgCdTcPIMxtAjQEPbgC1atbIMycXjQS4TgCZV5XI8tTBjQ8CihCZNbHIMb1akQ S_000003_000
LmZijC57HYIsQgZkQzhujCFDCTIcc9OkQsHBkCtxLbIMCsmkQJGQjC557bIsQgHkQ7RFjCd8ShI8kYMkQQg1iC5O/jIMXP4jQMdPiCh/UhIcIwwjQb8SjCxKnjI8jCljQEY1jCRLSnIMoamjQsyNiCxLdhIMXPajQktziCpw1kIMtITjQf/oiCd8SqIcGESjQQgNiC56xbIstzRjQNeBiChWEbIsU48iQ673hChVueI8gAxiQZ7AiCJE4VIs++1iQktLiCRKcRIs++BjQy2JiC1NJNIs8S5iQbnXiCVjXSIstzXjQGEYiCpvfXI84lejQi7uiCdHUhIMoYXkQMqejCxgIjIsN7RkQ2luiCJJunIc4g7jQ4GejCle9fIct8jjQ/LzhCtBMjIczoVjQOV+iC5qjjI8sTFjQIHCjCZobsIs8+VjQkE4hC1QSVIMmIniQK+eiCpvWPIMaJhjQaLgiCRwLYIMHetjQ S_000003_000
LU4ikChWklIsX6cjQOJukCFtIgI857jjQxgAlCx1DqIsQghjQW5YkCNyWlIcJGEjQTiRkCJFOqIsoF5iQU4GkCZPKpI857hiQcSgjCxgAmI8xLhiQ8nmkClYwlIMYlViQ7RJlClYwoIcktNiQLyijCR2OiIMueQiQpbKkCVMojIMmuDiQ9oAkCNyWnI8LdzhQmuRjCNzsOIsED+hQnvPjChrHTI8hWyhQHvUjCZPKYIsDt4hQKxcjCVOUYIsnvNiQ67fjCZ6GUIstzbiQdoZjC5O/OIsuJTiQShbjC98dKIc3keiQfUojCR14VIMUNwiQ2jqjCxKHbIcy2tiQVjjjC1MzcI8LdZiQ5r5jCdJHsI8H6/iQMRrkCZjcsIM695iQ8LCkCBelsIsPraiQKXxkCdA6iIct7eiQUdJjChxliIs1UHiQtiWkCduYgIM0T9hQ5XZkCR0spIMJQxhQU3JjCx4oSIcJEjhQvHXjClcAHIsTiXiQ7PhjCNXnKI8l+tiQMTwjCFOkdI8Lw5iQ S_000003_000
LEt4lCpwVmI8KHOiQiWAmCpFZjIcJGiiQNzUmCJaxqIs8SHiQ033lCR14hIstz7hQqxzlCpFZjI8z3lhQFuilCRhreIs/UZhQzM/kCZ5QcIMQ1khQXkBmCx1DaIsYQWhQ++dmCd9IbI80NFhQXk9kC9owWI8cofhQ78hlCx0tVIMAAQhQY6SlCJaRWI8Gv6gQbn/kCxLdTIcKczhQ+T1kCtyBOIsnvxhQVjrkChVOMIs78fhQCs2kCFZ7KI8OfDiQQgBlC9mENIcdTWiQdTClCFu+JIsTiniQZQMlCtHlSIcgVYiQtdKlCxKnVIsDtGiQROomCtqXNIscU6hQBIglCd2bmIM4zkhQm5PmClkdkIMmaghQufYlCVG9fIMwaLhQ4fRmC5HeZIcZjjhQjOikCpUEWIM9eYhQc7tlC9DJSIcvUShQ/s6kCJrwYIcnm6gQTLKlC93fLIMJc1iQ/B7kChXLGIc2WmiQznUlCRrGUIcqKmiQEwRlC1YaZIcmyHiQ S_000003_000
LjXCjCJbnCHcf/SiQnE7iCZ6mKHc14jiQGEgiC1Mz6Gs78NiQcSMjC13PJHc149hQgqVjCtz3DHsArqhQqxrjC5OfLHMEYbhQU4SkC5OfPH8jClhQb8SjCpZmVHMVjVhQOJ2iCRKcTHMW5EhQWOYkCNHaaHc5QfhQDX3jChWkcH825NhQDCIkCBBWZHs++5gQGZrkCJwKAIMQ16hQ1NxkClCX8Hc0imhQOJ+kCFXvBIMv0XhQzMrkC9TNyHs8ShhQpwdkC5QLsHcGEyhQIwWkCBBWvHM/pGiQgqdkCFXP6Hs++LiQmuZkC5lu+H8LddiQNeJkCJv0mHMtITiQc9IkClDteHMUNGiQxgUkCNHahHMpwxhQRSojCFtw9Gc7xthQq76iC5OQBH8WWkhQWD6lC1JahHsUYNiQtwLmC5PhwHstiDiQ+BzjCJInHH8tOOhQHtDjCxRMYH8MOihQhE1kChSLbHMXTZhQuJvjCpqIkHseiNhQDxyjCR95UHsboygQDWxkCRM+DI8GL9hQwMDlC9olAIctCJhQ8iClCRXfFI8VzbhQRuAkC5IeXHcAoKiQ S_000003_000
LytKiCRAnZHs25AhQ4d4hCdu+cHsVbVhQ7LyhCB4dTH8fzwgQgAaiCR6kkHsJ41gQmfviCRKQkH8T2hgQfZ4iCt1jvHMm+agQyiOjC5m10HsEVsgQv7QiCdWK2HsDlWgQjjZiCNV09HMByGgQbX3iCpc29H8T8ygQxoJiCFGk7HscGsgQtByhC9xkCIsbvqgQ0X6iCR8x+H8WwKhQYBFjC94OEIs7xThQ1uNjCZXJII8fLJhQg/FjCZbTEIMWzphQJv8iCV2AAIMi52hQoh+iCh9hAI86WKiQ+nxiCxZP2H88YshQUCxiCxb+1HsFDXhQTOKjCF6OgHcjejgQzQdiCRCngHsbYXgQenKjCldavHMmOOgQgp5hCJVbxHMnDSgQDFBjCh3PCIMpKsgQuQ8hCJhr2HMHY2gQg6WhCZB3BIciYjgQH6NjC5AtHIsLhwhQhnqiC5C3vH8lz0hQiVpiCBPOvH89GQhQ S_000003_000
Lj+mmCxfaDIchB1gQzY6mChWpHIcLkChQHYLmCJUj+H88/+gQgIMmC56QGIMeligQ1VnlC1GXJIcpgngQDCElCJ4dIIsFdXgQ67VlCVkeGIMyjDgQo6qkClDaNI8I0QgQ1mKkCNk0OI8ssfgQeL/kC1kpIIMigjfQOoZkCVU1LIcy31fQbn1jCZkZIIs1o5fQp/SlCxQ7TIM55adQx3xkCZxFRIsK5pdQz4ukCNmPOIMpxNeQWqTlCRUeOIsiDkeQYZ4lClvNRI8nzYeQxd3lCVjEUIsZDydQZdYmCJq5WIcsGjdQD+XmCJOiQIcml3eQV6FmCNvcNI8eQUfQOkclCBADMIs8eKfQq+clCJkXIIcUx1gQQIvlCd/JNIcdingQsEwkCdQzFIMSLdgQOt+kC1AbQIsCJPgQUO0kCZDxFIM7SRfQoNTkCRA/OIM0UkfQ58kjCdzcJI8NaJgQRLYkC5SHRIMW5XdQ25VmCdB0YIsS1HdQ0PzmClEEXIMLWzdQakUmC5MQMIsETufQ S_000003_000
LehvjCtxJUI8YMcgQspWjCt3rSIM+0IgQG0NkCNHuYIMyVbgQhVOjCJHPVI8PPvgQ++liCtd+SI8FZxgQ7RFiCpbSXIcep1gQBWJiCtcIZIcbnLhQ35XhCJaRVI84lygQWOIhCZm5WIMDCegQQ1ghC14FZIcGEWhQGZ/gCpF5XI8a8EhQT3sgC13vcIcPK+gQx1fhC1jiFI84l0hQaRahCdRWHIM8nghQzhahCVjXMI8FZZhQXkhhC9n6PI80NphQcSohCtcoOIcgV+hQqGnhCJwKJI8HFEiQW5shCFueHI8HFYiQjXuhC1iMTI8kYKiQuzrhC57HXIMCs8hQDCkhClsdVI8bSohQ+teiCBeERIMULkgQ0XmiC9LbQIMNS9gQXmKiCB0SaIM87rgQ6pXhCxRXRIsY6zgQknbhCJPqcIMpCchQ7NqgCNecVI8ZHLhQ74jgCFwYcIMdNvgQTTVhCJhlEI8NxVhQsyrhCtWpDI8UVbiQmNyhClUEKIMQjjiQQ8uhClA5aIcLxAiQ S_000003_000
LCsCdChrHNI8yhKhQ1NpcCJbnIIsDtYhQO0KcCRf/OIciB5gQJbXdCBqGSIMnEZhQFuudClX6WIciBPhQbnXeCVNeaIMBWfhQIwqfC12ZYIMW5khQ67ndChrnaIcjX0hQf/kcChUYeIsoFzhQ7R5fChVOZI8d+6hQUNueCVNecIM7RDiQBr8eCxL9hI80NBiQ8S/fCZ78TIcNeFiQT3MgCJaxTIMCsaiQpwVgCRK8XIcxgkiQDXPgCBr8OIcMIkiQKcFgC9RhKIc2OZiQNzIgChp7FIMmujiQ67vfCBqmKIMVjDiQb8qfCR1YPI8eU6hQsvWeC97HWIcyXDhQCX7cC5NmYIMDEJhQF1phCh7AOIsyH/hQBXeeCxRDeIMgMZhQUsRdCxyCXIMXk3hQVKXgClgObI8XW9hQkIieCx9dbI8KISiQTKGeCxIwjIskV+hQS7BgCl4jCIsBhciQdJSgCRg6FIcqsyiQdBifCJnSHIc/67hQjlYfC9InPIcUXrhQ S_000003_000
LlDNbCRgVdI8xL/hQKx4aCFDiXIMtI/hQ1NRaCFZbhIczM3hQpbibCpbyeIMShXiQY62bCNzMkIMQ1ciQbnPcChpbkI8NJ0iQ+TddCVjXhIMSh3iQBWRbC1NphI8a8CjQSMIaC5P1kIM+THjQ8nadC989eIsBBMjQvJJcCR14gIspbWjQjXacC5QrlIMZ7gjQQ1gdCBqGZIMaRKjQ3k4dCNdTWIcgVcjQtdGeCBWZYIMmutjQXk9dCV46QIMEYZjQDXvdCdSMOIcxgGjQe+2dCRgVJIMRLGjQ5lWdClCXRIssd0iQSMQdCd9oWIMtI3iQSYWaC5yRSI8RHWjQQbmcC1sZlIcwyTiQb4EbC5ddmI8nFaiQDLacChqKoI8MF4iQTe/aCFUQeI89d8iQKzLeC5URgI8JQUjQ5rwbCRWQeIsZTgjQPEobC9aAoIcD6fjQitMeCx4xOI8s8ljQk7KdCtxpPIcnpmiQoL/cCxRzYIsKyqiQ S_000003_000
LYlHjC9mECIcgVKeQF6bjCdWCBIs+nheQ5BNjCp47FIM4kQeQbsfjC9mECI86S1dQrQziCZ3GDIMCDzdQ3ICjCZqa8HsIGEeQVeviC9mECI8FYfeQ S_000003_000
LjspiCpbySIsmZafQT9liCFIvWIcE6dfQHPCjCdVbTIcmgGfQ+49iCRgvSIsHOzfQzbtiCRv1OI8I5WfQ+JRiC1hJSIsmSufQHgViCFX1SIcFlBfQ S_000003_000
L3QyjCx7y/H8fP7eQqX2jC1W+BI8bpUfQy54jCB5n4HM0qDfQ S_000003_000
LRBTjC94LKI8LcXeQ32ujCdAtLI8scTeQGPBjC5fKNIMqzeeQ S_000003_000
LyN6jC9mECIMrJedQgpOkCtoy+HcpQWdQJW6jCxiiEI81uGdQ S_000003_000
L65ciC9vPEI8gbZdQfgliCdUOGIMypAdQrf/hCpxYDI8wUUdQ S_000003_000
LfJ8iCxp6zH80O9dQh5fiCdN9wH80O9dQWsOjCFm0tH80O9dQ S_000003_000
L+8UiC9mECIsVh2eQI+WiC15IBIsNKUfQCO3hChBsBIsc1veQ S_000003_000
LH2hiCxFFbIs+whfQWE6iC1EbdIs+whfQ4nJiC1EbdIs+whfQ S_000003_000
LwOdjCFVIUIMToweQj2tjCdbdRIcqSieQkWfjCRFOXIspqeeQ S_000003_000
LpGUjCJSsSIsvQHgQwGdjCF2pVIsC3PgQ9wijCpSrPIsINNgQ S_000003_000
L+ixiClxfKIsOCTfQ+SuiCt7fII8yG5eQjHMjCBASJI8JxefQ S_000003_000
LWK2hCRicRIMdFCgQ67qhC9b+TIMkHMgQobdhCV1sPIses4fQ S_000003_000
LdS/hCJl4SI8tRmeQ8TAiC9nsUIcXULeQVjihC1UlRIs9ToeQ S_000003_000
SCORE:   350.836    -28.616    352.155           0.458          1.494                    0.069    -59.672      2.597     11.000          9.989              0.000              1.850     -22.408        -2.162           17.240            -0.159            -2.438     -18.696     43.280        -2.000            0.000      36.800         0.000        10.055                0.000 10113.120          3      2.440       7.313    S_000004_000
RES_NUM R:133-137 R:181-182 R:185-187 R:189-190 R:1001-1002 R:1005-1009 w:1001-1007 S_000004_000
FOLD_TREE  EDGE 1 5 -1  JEDGE 1 11 2 C4 C2  INTRA_RES_STUB  JEDGE 1 6 4 C4 C4  INTRA_RES_STUB  EDGE 6 7 -1  EDGE 11 12 -1  JEDGE 12 10 1 C2 C4  INTRA_RES_STUB  JEDGE 10 13 3 C4 MG  INTRA_RES_STUB  JEDGE 13 15 5 MG O  INTRA_RES_STUB  JEDGE 13 16 6 MG O  INTRA_RES_STUB  JEDGE 13 17 7 MG O  INTRA_RES_STUB  JEDGE 13 18 8 MG O  INTRA_RES_STUB  JEDGE 13 19 9 MG O  INTRA_RES_STUB  JEDGE 13 20 10 MG O  INTRA_RES_STUB  EDGE 10 8 -1  EDGE 13 14 -1  JEDGE 14 21 11 MG O  INTRA_RES_STUB  JEDGE 14 22 12 MG O  INTRA_RES_STUB  JEDGE 14 23 13 MG O  INTRA_RES_STUB  JEDGE 14 24 14 MG O  INTRA_RES_STUB  JEDGE 14 25 15 MG O  INTRA_RES_STUB  JEDGE 14 26 16 MG O  INTRA_RES_STUB  S_000004_000
RT 0.525558 -0.830129 -0.186214 -0.837917 -0.542959 0.0555906 -0.147254 0.126816 -0.980935 -3.68976 -4.69887 6.73067   S_000004_000
RT -0.797144 0.590299 -0.126921 0.600152 0.751602 -0.273699 -0.06617 -0.29435 -0.953404 7.97897 -2.85667 -3.37853   S_000004_000
RT -0.204701 -0.79349 0.573124 0.123829 -0.601812 -0.78898 0.97096 -0.0905357 0.221449 2.8484 9.82942 -4.7471   S_000004_000
RT 0.535963 0.594764 -0.599165 0.740279 -0.67228 -0.00515027 -0.40587 -0.440789 -0.800609 2.56014 -10.2489 -10.4662   S_000004_000
RT 0.612079 -0.790796 -5.02231e-15 0.660215 0.511009 0.550442 -0.435287 -0.336914 0.834874 -2.1 4.50123e-15 -2.0943e-15   S_000004_000
RT 0.790796 0.612079 6.52421e-17 -0.511009 0.660215 0.550442 0.336914 -0.435287 0.834874 -5.66214e-15 1.75323 -1.15593   S_000004_000
RT 0.550375 0.678072 0.48714 -0.271535 -0.406371 0.872429 0.789529 -0.612439 -0.039536 -3.03379e-15 -1.15593 -1.75323   S_000004_000
RT -0.612079 0.790796 1.04156e-15 -0.660215 -0.511009 0.550442 0.435287 0.336914 0.834874 2.1 -1.02189e-14 5.86906e-15   S_000004_000
RT -0.790796 -0.612079 6.52421e-17 0.511009 -0.660215 0.550442 -0.336914 0.435287 0.834874 1.75415e-14 -1.75323 1.15593   S_000004_000
RT -0.689175 -0.477919 0.544639 0.0599808 0.711439 0.700184 -0.722109 0.515217 -0.461639 1.19477e-15 1.15593 1.75323   S_000004_000
RT -0.556627 0.660044 0.504489 -0.656246 -0.721709 0.220176 0.50942 -0.208513 0.834874 1.79909 -0.520716 -0.949809   S_000004_000
RT 0.954854 0.257333 -0.148436 0.00564867 0.48384 0.875138 0.297021 -0.836468 0.460543 -0.558955 1.13101 -1.6788   S_000004_000
RT -0.947911 -0.174984 -0.266169 -0.2968 0.788572 0.538576 0.115651 0.589521 -0.799431 0.927821 1.69106 0.830347   S_000004_000
RT -0.0121868 -0.939283 0.342926 -0.451388 0.311187 0.836308 -0.892245 -0.144601 -0.427774 -1.79909 0.520716 0.949809   S_000004_000
RT -0.765962 -0.554297 0.325665 0.642843 -0.654511 0.397955 -0.00743382 0.51417 0.857656 0.558955 -1.13101 1.6788   S_000004_000
RT 0.112944 0.167648 -0.979356 0.88013 -0.474299 0.0203099 -0.461102 -0.864254 -0.201121 -0.927821 -1.69106 -0.830347   S_000004_000
ANNOTATED_SEQUENCE: a[RAD:Virtual_Phosphate:BlockStackBelow]guac[RCY:BlockStackAbove]g[RGU:Virtual_Phosphate:BlockStackBelow]uu[URA:Virtual_Phosphate]aac[RCY:Virtual_Phosphate:BlockStackBelow]u[URA:BlockStackAbove]Z[MG]Z[MG]wwwwwwwww[HOH:VirtualWater]www S_000004_000
LFD+gC5lueH8w1HlQAA8gCZQgcHssdwkQe+ehCd9oZHs8SVlQBWBhC9RhrH857JlQb8+gC5OfwHsvfelQGE0gCd8S8HsmZclQQgJgCtco9HcepTlQMdPhC99TBIMZ7MlQMI4hCd+eCI8HFWlQDCIgCtdeDIMCsGlQR2ygC9TNGIcxgKlQHaxgCdnPJIsWkdlQjXyeCNHaKI8Mz8jQRL6eC1h2MIMpwPkQktTfC99zKI8hWikQ+TlfCpEjFIMuegkQlYgfCtyhCIMAAOkQNzEfCd9IFIs8S7jQiW8eClYwCIsSMojQ3k4fC14l6H8NJSkQBWFgCBVj6Hc6mmkQWOAgC14FCIsmZwkQuzogCZa6sH8GAnlQejahCh6tvHcIwllQJQmcCRfm7HsYupkQVC/bCJj1EI88XbkQ950gCtwl/HcEoqlQ/+ShCtRg+HMYs/kQwthfCdU0FI8AnLlQWa7gChkZIIszO+kQNdNhC9gFJI8uiklQkGreCRHqQIMACQkQsJpeCBL1EIMtxbjQ5QJfCBY49Hc3omjQJBPgC9SJ0HclQukQ S_000004_000
LJGgiCtxrDI8jCHlQyLhiCZPK/HMAA2kQGEEjCVNeEIcy2VlQ5lWiChALJIMCs6kQIwWiCdTCOIMAAGlQmuBiC1MTSIM/p4kQKxYhChpbQIsX6wkQBWZiC9owTIcjXkkQMd7iCFCMXIsCXpkQT3QhCJwqSI81jckQXk1hCBAgWIcMIYkQueshC1NpbIsBBgkQv0pgClYQPIMsyPjQW5ogCVj3TIs/UbjQSMcgCZkNYIcjXQjQiW0gC1NJUI8isvjQ9oAhC9SXPIMpw3jQY6ChCxggKI8fqtjQIF2gCFsSKIMDCYjQ+T1gClBhGI8OfLjQNeRhChrnGIckt7jQepXhCJwKJIMsyNkQmuNhCxggOI8kYMkQeLHiC5RkNIMaeTlQLa0iCpYCPIcqLJlQOH9hCBheVIM4jBlQnqjiCZPfQIMTedkQV71gCh7qUIM7JdkQ5i7hC54mWIsFvIkQhkuhCZXOeI8bQUkQLWhgCdTcPIMxtAjQEPbgC1atbIMycXjQS4TgCZV5XI8tTBjQ8CihCZNbHIMb1akQ S_000004_000
LmZijC57HYIsQgZkQzhujCFDCTIcc9OkQsHBkCtxLbIMCsmkQJGQjC557bIsQgHkQ7RFjCd8ShI8kYMkQQg1iC5O/jIMXP4jQMdPiCh/UhIcIwwjQb8SjCxKnjI8jCljQEY1jCRLSnIMoamjQsyNiCxLdhIMXPajQktziCpw1kIMtITjQf/oiCd8SqIcGESjQQgNiC56xbIstzRjQNeBiChWEbIsU48iQ673hChVueI8gAxiQZ7AiCJE4VIs++1iQktLiCRKcRIs++BjQy2JiC1NJNIs8S5iQbnXiCVjXSIstzXjQGEYiCpvfXI84lejQi7uiCdHUhIMoYXkQMqejCxgIjIsN7RkQ2luiCJJunIc4g7jQ4GejCle9fIct8jjQ/LzhCtBMjIczoVjQOV+iC5qjjI8sTFjQIHCjCZobsIs8+VjQkE4hC1QSVIMmIniQK+eiCpvWPIMaJhjQaLgiCRwLYIMHetjQ S_000004_000
LU4ikChWklIsX6cjQOJukCFtIgI857jjQxgAlCx1DqIsQghjQW5YkCNyWlIcJGEjQTiRkCJFOqIsoF5iQU4GkCZPKpI857hiQcSgjCxgAmI8xLhiQ8nmkClYwlIMYlViQ7RJlClYwoIcktNiQLyijCR2OiIMueQiQpbKkCVMojIMmuDiQ9oAkCNyWnI8LdzhQmuRjCNzsOIsED+hQnvPjChrHTI8hWyhQHvUjCZPKYIsDt4hQKxcjCVOUYIsnvNiQ67fjCZ6GUIstzbiQdoZjC5O/OIsuJTiQShbjC98dKIc3keiQfUojCR14VIMUNwiQ2jqjCxKHbIcy2tiQVjjjC1MzcI8LdZiQ5r5jCdJHsI8H6/iQMRrkCZjcsIM695iQ8LCkCBelsIsPraiQKXxkCdA6iIct7eiQUdJjChxliIs1UHiQtiWkCduYgIM0T9hQ5XZkCR0spIMJQxhQU3JjCx4oSIcJEjhQvHXjClcAHIsTiXiQ7PhjCNXnKI8l+tiQMTwjCFOkdI8Lw5iQ S_000004_000
LEt4lCpwVmI8KHOiQiWAmCpFZjIcJGiiQNzUmCJaxqIs8SHiQ033lCR14hIstz7hQqxzlCpFZjI8z3lhQFuilCRhreIs/UZhQzM/kCZ5QcIMQ1khQXkBmCx1DaIsYQWhQ++dmCd9IbI80NFhQXk9kC9owWI8cofhQ78hlCx0tVIMAAQhQY6SlCJaRWI8Gv6gQbn/kCxLdTIcKczhQ+T1kCtyBOIsnvxhQVjrkChVOMIs78fhQCs2kCFZ7KI8OfDiQQgBlC9mENIcdTWiQdTClCFu+JIsTiniQZQMlCtHlSIcgVYiQtdKlCxKnVIsDtGiQROomCtqXNIscU6hQBIglCd2bmIM4zkhQm5PmClkdkIMmaghQufYlCVG9fIMwaLhQ4fRmC5HeZIcZjjhQjOikCpUEWIM9eYhQc7tlC9DJSIcvUShQXUqlCRGkXIsurxgQTLKlC93fLIMJc1iQ/B7kChXLGIc2WmiQznUlCRrGUIcqKmiQEwRlC1YaZIcmyHiQ S_000004_000
LjXCjCJbnCHcf/SiQnE7iCZ6mKHc14jiQGEgiC1Mz6Gs78NiQcSMjC13PJHc149hQgqVjCtz3DHsArqhQqxrjC5OfLHMEYbhQU4SkC5OfPH8jClhQb8SjCpZmVHMVjVhQOJ2iCRKcTHMW5EhQWOYkCNHaaHc5QfhQDX3jChWkcH825NhQDCIkCBBWZHs++5gQGZrkCJwKAIMQ16hQ1NxkClCX8Hc0imhQOJ+kCFXvBIMv0XhQzMrkC9TNyHs8ShhQpwdkC5QLsHcGEyhQIwWkCBBWvHM/pGiQgqdkCFXP6Hs++LiQmuZkC5lu+H8LddiQNeJkCJv0mHMtITiQc9IkClDteHMUNGiQxgUkCNHahHMpwxhQRSojCFtw9Gc7xthQq76iC5OQBH8WWkhQWD6lC1JahHsUYNiQtwLmC5PhwHstiDiQ+BzjCJInHH8tOOhQHtDjCxRMYH8MOihQhE1kChSLbHMXTZhQuJvjCpqIkHseiNhQ3LakCdjEfH8GT0gQDWxkCRM+DI8GL9hQwMDlC9olAIctCJhQ8iClCRXfFI8VzbhQRuAkC5IeXHcAoKiQ S_000004_000
LpoJiCFxNZHc1kBhQn33hCp9RcHsMZWhQ9SxhC9a8SHMkmxgQmuWiCx2YkH8zq2gQzlriC9CZkHszdigQT/tiC5xvvHc4oagQ1eFjCNQ31HsnXqgQgLDiCVIN1Hc+PYgQzQFiChDB9HcFNIgQgSriCty99HsiuygQIv9hCB+a6HcvFugQG6hhCZgpBIch/tgQGuyiCdBz+Hc7TKhQv1AjCJJKEIsb1ShQ6JJjCpvBIIMY5HhQUxFjCdhMEIcauohQeN9iCVu5/HMFL2hQFrCjCpqbAI8aeJiQGWuiCVnS2HcRMshQH5piC5jF2Hsj9WhQnUIjC5CXhHsZIkgQeObiCBs8fHsaeYgQhM9iCRD3vH857MgQiXthCBE2vH8K0UgQaewiChtcCIMz2rgQTo0hCpNO1HMo54gQotIhCJmyAIc/SlgQCMQjCZMiHIMYEvhQrnniC95+vH8U40hQLqfiCdDdvH8vYQhQ S_000004_000
