SEQUENCE: gugugagagacuagacggcauaguccaagcauacZZwwwwwwwwwwwww
SCORE:     score     fa_atr     fa_rep    fa_intra_rep    lk_nonpolar    fa_elec_rna_phos_phos     mg_lig     mg_sol    hoh_ref    rna_torsion    suiteness_bonus    rna_sugar_close    fa_stack    stack_elec    geom_sol_fast    hbond_sr_bb_sc    hbond_lr_bb_sc    hbond_sc        ref    free_suite    free_2HOprime    intermol    other_pose    loop_close    linear_chainbreak    time    missing        rms    rms_fill description
REMARK BINARY SILENTFILE    FULL_MODEL_PARAMETERS  FULL_SEQUENCE gugugagagacuagacggcauaguccaagcauacZZwwwwwwwwwwwww  CONVENTIONAL_RES_CHAIN B:8-12,B:127-137,B:169-179,C:205-206,D:1-5,B:1-2,w:1001-1013  CUTPOINT_OPEN 5,16,27,29,34-49  DOCK_DOMAIN 1:1-36 2:37 3:38 4:39 5:40 6:41 7:42 8:43 9:44 10:45 11:46 12:47 13:48 14:49  EXTRA_MINIMIZE 31  FIXED_DOMAIN 1-28,30,34-36  INPUT_DOMAIN 1-28,30-31,34-36  SAMPLE 29,32-33,37-49  WORKING 1-49  RNA_TERMINAL 1,5-6,16-17,27,30  RNA_BLOCK_STACK_ABOVE 5,16,27  RNA_BLOCK_STACK_BELOW 1,6,17,30
SCORE:  1351.449    -77.897   1243.055           0.996          7.135                    5.053    -36.556      3.104      5.000         92.652              0.000              8.259     -62.110        -3.901           33.651            -3.589            -1.439     -27.645    118.940         0.000            0.000      41.400         0.000         0.000                5.342 18281.131          2      1.168       2.844    S_000001_000
RES_NUM B:8-12 B:127-137 B:169-179 C:205 D:1-5 B:1-2 w:1001-1012 S_000001_000
FOLD_TREE  EDGE 1 3 -1  EDGE 3 5 -1  JEDGE 3 33 4 C4 C2  INTRA_RES_STUB  JEDGE 1 29 5 C4 C2  INTRA_RES_STUB  JEDGE 5 35 7 C4 MG  INTRA_RES_STUB  JEDGE 35 42 14 MG O  INTRA_RES_STUB  JEDGE 35 43 15 MG O  INTRA_RES_STUB  JEDGE 35 44 16 MG O  INTRA_RES_STUB  JEDGE 35 45 17 MG O  INTRA_RES_STUB  JEDGE 35 46 18 MG O  INTRA_RES_STUB  JEDGE 35 47 19 MG O  INTRA_RES_STUB  EDGE 29 30 -1  EDGE 33 31 -1  JEDGE 35 17 3 MG C4  INTRA_RES_STUB  EDGE 17 22 -1  EDGE 22 27 -1  JEDGE 17 6 1 C4 C4  INTRA_RES_STUB  JEDGE 22 34 2 C4 MG  INTRA_RES_STUB  JEDGE 6 28 6 C4 C4  INTRA_RES_STUB  JEDGE 34 36 8 MG O  INTRA_RES_STUB  JEDGE 34 37 9 MG O  INTRA_RES_STUB  JEDGE 34 38 10 MG O  INTRA_RES_STUB  JEDGE 34 39 11 MG O  INTRA_RES_STUB  JEDGE 34 40 12 MG O  INTRA_RES_STUB  JEDGE 34 41 13 MG O  INTRA_RES_STUB  EDGE 6 16 -1  S_000001_000
RT 0.303181 -0.0618028 0.950927 -0.425812 -0.901515 0.0771689 0.852505 -0.428313 -0.299638 -10.2616 9.51442 11.2132   S_000001_000
RT 0.153228 -0.987812 0.0273548 -0.216744 -0.00658763 0.976206 -0.964128 -0.155511 -0.215112 -7.3391 -10.1896 3.34368   S_000001_000
RT -0.908799 -0.405771 -0.0971287 0.401442 -0.786939 -0.468584 0.113703 -0.46484 0.878063 -7.44719 11.1287 1.25448   S_000001_000
RT -0.640913 -0.717853 0.271879 -0.751054 0.659608 -0.0289026 -0.158586 -0.22272 -0.961897 0.12695 -1.00198 6.75575   S_000001_000
RT 0.828156 0.4533 -0.329661 0.455718 -0.886975 -0.0748035 -0.32631 -0.0882837 -0.941131 2.5143 -10.6731 -9.70851   S_000001_000
RT 0.778711 -0.627378 -0.00245707 -0.61736 -0.766962 0.175031 -0.111695 -0.134781 -0.98456 2.1962 9.6686 -8.26823   S_000001_000
RT 0.293414 0.776511 0.557619 -0.551674 -0.338837 0.762132 0.780746 -0.531244 0.328961 -3.46902 7.85576 11.4355   S_000001_000
RT 0.612079 -0.790796 9.99201e-16 0.790796 0.612079 4.1217e-15 -3.88578e-15 -1.72085e-15 1 -2.1 -7.99361e-15 -7.49401e-15   S_000001_000
RT 1.77636e-15 4.7462e-15 1 -0.612079 0.790796 -2.72005e-15 -0.790796 -0.612079 4.35763e-15 -4.10783e-15 2.1 9.4369e-16   S_000001_000
RT -0.543802 0.242897 0.803293 -0.649073 -0.728484 -0.219124 0.531962 -0.640556 0.553809 1.60982e-14 1.37113e-14 -2.1   S_000001_000
RT -0.612079 0.790796 -1.36557e-14 -0.790796 -0.612079 -4.94049e-15 -1.22471e-14 7.74381e-15 1 2.1 4.996e-15 5.77316e-15   S_000001_000
RT -1.08247e-14 6.82787e-15 1 0.612079 -0.790796 1.19904e-14 0.790796 0.612079 4.32987e-15 4.10783e-15 -2.1 -9.4369e-16   S_000001_000
RT 0.877434 0.428853 -0.214929 0.240839 -0.781325 -0.575785 -0.414856 0.45345 -0.788846 -9.9365e-15 -1.67366e-14 2.1   S_000001_000
RT 0.612079 -0.790796 -2.55351e-15 0.790796 0.612079 -6.85563e-15 7.07767e-15 2.19269e-15 1 -2.1 7.32747e-15 -2.72005e-15   S_000001_000
RT -6.21725e-15 1.31561e-14 1 -0.612079 0.790796 -1.41553e-14 -0.790796 -0.612079 3.10862e-15 1.78746e-14 2.1 -3.10862e-15   S_000001_000
RT 0.718954 -0.0827099 -0.690119 0.486987 0.768385 0.415245 0.495932 -0.634621 0.592712 8.99281e-15 1.82632e-14 -2.1   S_000001_000
RT -0.554598 0.662183 0.503919 0.708279 0.0577967 0.703562 0.436762 0.74711 -0.501064 2.1 -6.10623e-15 1.75415e-14   S_000001_000
RT 6.21725e-15 -1.31561e-14 1 0.612079 -0.790796 -1.41553e-14 0.790796 0.612079 3.10862e-15 -8.32667e-15 -2.1 4.44089e-15   S_000001_000
RT 0.133659 0.732229 -0.667814 -0.838484 -0.275656 -0.470063 -0.528281 0.622779 0.577118 5.55112e-16 -2.10387e-14 2.1   S_000001_000
ANNOTATED_SEQUENCE: g[RGU:Virtual_Phosphate:BlockStackBelow]ugug[RGU:BlockStackAbove]a[RAD:Virtual_Phosphate:BlockStackBelow]gagacuagac[RCY:BlockStackAbove]g[RGU:Virtual_Phosphate:BlockStackBelow]gcauagucca[RAD:BlockStackAbove]a[RAD:Virtual_Phosphate]c[RCY:Virtual_Phosphate:BlockStackBelow]a[RAD:rna_cutpoint_lower]u[URA:rna_cutpoint_upper]acZ[MG]Z[MG]w[HOH:VirtualWater]w[HOH:VirtualWater]ww[HOH:VirtualWater]w[HOH:VirtualWater]ww[HOH:VirtualWater]w[HOH:VirtualWater]www[HOH:VirtualWater]w S_000001_000
LShDnCZ5AzK03PnnQYlnmChrnwKE99lnQlYMnChVO0KkmZ8nQZQwmCxgQ1K0coXnQx1DnC9m03K0bSWnQWOAnCFu+4K057/mQ/U/mCR142K0z3vmQhAXmCBAg6KEEY7mQCsWmCltD9K0xLFnQ/UnmC1Mz3Kk78dmQMIYmCR1o6KEnEjmQNz0mCJvk8KET3amQDCckC13P2KkAr0lQ5l2kCFCc4KE8n0lQDXrkCNIg6KkSMolQIFalC1hm4K0NJAmQamhlCJEY2KEAAMmQoFJlC14F0KkoFNmQtIjkCRK8zKkDtAmQyLJkCtHFyKUbn/lQJbblCNIQyK0d+amQ469lCRKczKU14hmQ67DmCZ781KkQgZmQJJinC9Oq3K0+FanQ101mCFHC5KkQcgnQLbgmCpcwxK0u+slQG62lCFvjzK0JSXlQYNZnClWH6K0eL9mQ9p+lCxzc5KkdiAnQzg6mCxM23KURjRmQHe7lCxf66KUaFdmQFc0mC5bJ+KkvNkmQOaCkCVYU2K0nprlQtU9kCF9G8KEEtnlQ+NRkCRba6KEjkflQd0RmCZynyK0JFsmQ S_000001_000
LY6ylCNep9KkU4WnQv0llChWE7KECsgnQuzDmCNdz/KULyknQqxLlCNIw+KEQ1InQueMlClDdBLERLCnQPf3kC9S3BL04lsmQsy9kCRgl/KUIwemQqGHkC5kICLkrHtmQOJ6jCxfqELkDt0mQCBakCJbX/KkR2QmQYl7jCtIrBLknvVmQgVCkCd94DLkEDImQoFFkCd+u8K0JxUmQMIgjCNdD8KkZmJmQIwOjCR2e9KEXP8lQ99PjChWk5KkR2OmQfUgjClYw3K0fqdmQXPOjCBqm1KU0igmQFuGkC9Sn4K01jomQnEXkCxJB7KEv0jmQHRqlC9mDCL0DQBnQoW9kCl/iCLU3wMnQyYElCZUbDL00rlmQeI7jCNruALEtQ2mQzSjkClGf/K0E5BmQBDejCp+CBLUxLUmQoK7jClXiFL0RxPmQw91iC9rA5KE+THmQwWUkCxtc3Kk2KzmQ/ExkCp/k7KktUrmQ S_000001_000
LDXfjCZ5wELksdKnQXPujClBhCLEaRYnQxggjCFYlHLkBBSnQx1viChrHELUIwCnQU4aiCx1DGLEoa2mQ2j+hCFZrELkmZmmQSMQiCpFJCLEpwfmQWOUhCtduDLU2OvmQyL5gCNH6FLkZm1mQjXuhChArALUPKWmQc9EhCd9ICLktzbmQJb3gCpvvDLEueKmQHalgCZ5g3KUhrVmQKcZgCh/05KkrHLmQktrfC98t5K0d++lQzMvgC9SH8KksdMmQUNShCZP67Kk8SZmQ0ighC1is5KkmZkmQBWJhChqR3K0a8imQy2RhCtcI1Kk78rmQNeFiCJxQ6K0w1vmQ6mMiChqx8KUNermQhAvhCxf69KU46dmQHSwiCBUKHLUDGvmQXzJiCt/MHL0J4/mQc57hCBE0FLkgrZmQEeZhCtpjCLUnh7mQdNyhCZ8qAL0ImGmQRbugC1T3AL0+qfmQN0ogCVTVFLUYFQmQRbTgCJT71K0HwTmQzWYfCF/T7K0lO3lQVMLfCdHD4KUL39lQf5kiCZEy9KUPQxmQ S_000001_000
L46lgCFX/FLUKcNnQAAEhCVOkELkEDcnQiWYgCFDyILUy2RnQ2O3fCJFOELE/pKnQBr0eClYAFLkVO8mQb8CeCNdjCLkoF1mQmZ+eCJbnALkYQsmQGEYdCNz8ALEQ1GnQb8KcC5kICLE7RPnQbnfeCd++9KEpwvmQ2jKdC9oQ+KUbn7mQ6mEcCdSM+KUwKtmQ03ffChpb8KERL8mQBrUfC9Tt5K01j+mQZQYeChqh4KUIw2mQ7RJgC12Z4K0kYKnQT3sgC99j5KU14TnQjXGhCdSM4KUGEenQuewgC9na8KE/pQnQCsSgCx0t9KUzMFnQ3WOfCJO5FLknzvmQTbOeCZ5QGLUVgDnQU+ZdCliFDLUGBqmQzhAeC1ftAL0opSnQmrVeCFbG9KUf+hmQSNFdCp5y8K0W8FnQjyVbChrR/KUJ/ymQUkFgCpMe2KUaNMnQJoIhCx5Z9KEhyWnQ4CWgC1gp/KUgUDnQ S_000001_000
LaR2bC13vBLUjXonQMIIdC5PlBLU0i0nQsH1aCFsyDLktztnQYlLbCtH1+KEBWpnQ6m8ZCx1T+KkpbenQDXnZCdoV7K0jCdnQnvnaC5Q75KkDtQnQSMoZClBx5Kk78xnQtdeYCNHK6KkoF/nQXP6aCtIb3K0kYanQoFxZCZP62KkZmpnQmupYChqB2KUbndnQNz0eC5QbyKE+T9nQSModCxfaxKkBB2nQ14ddCZ5wuKEaR4nQpbqcCBW5yK0xLtnQnv/cChqh1KkVOsnQwfKeClst2KEnEznQGZLfChrH1KUjX8nQNzIgCVj31KkArBoQW5IeCNzc5K0IbvnQY6+cCJb35K01jmnQLyOcCFYl3K0NJknQuY7bCF8y4K0ETOoQCxkcCJTA1KkTDToQDNAaCBgB/KkC3PnQY8NZCNmN/K0VCmnQY+vYClEI7K0S3VnQ36aaCZDR6KE/O6nQWC8aCdWA2KkdkPnQei9ZCRjp1K09M1nQnZ1XCxFw2KktBknQwydfCJkKxKk9xBoQ11ocCFK6tKEpbznQCPLeCNhrtKU7v+nQYArcC1xo7KUIEinQ S_000001_000
LwKHSCJEotKEUNAkQwfiRC5P1rKkArQkQ7RpRClDdtKknvpjQcSsTCFDStKUO0AkQJbfUCtznuKkWkxjQEtwVCFX/sKUbnvjQsHdVCJxQqKkCXpjQMdzWCZk9tK025fjQU4CYCtyRtKEqGpjQgq5VClYwpKUgVUjQfUgWCdRWsKUhrLjQU4qXCpGvrK025/iQVjXTC5kYhKEZ76iQuzfUCJwqhK0eUGjQmZGVCFZ7jKkmZMjQzMbUCNJGmK0LdFjQSMQTCtzHmK0co5iQQgtSCNymjKEXP0iQXklRC5PVjKEQ1oiQCB2SClstoKEEY1iQKxwTC55LqKE8n+iQ03vUCRfvoKUxgIjQK+qUCZScwKEho2jQHUAUCh9tuKk++jjQs2+RC5s/nK0lEtjQKZGSCx14jKk0VujQkgNWCl/8sK03i9jQthsWCJK5vK0QydjQhglWCFkWoKUOaUjQN01VCNvPtKkzpCjQWccYCt2hsKkIHHjQMN8UChvAgKEDzKjQD3PRCxsihK0ZbliQXhGRCN06kKkg5jiQR8vTCxYJsKkyZ+iQ S_000001_000
L67PZChWUvKEtInjQ5QrYCNc9xKEBWhjQqGHaClD9uK0bS6jQBWBaC1NJuKE/pSjQ99DbCZPqvKErcIjQU4SbC9S3uKUwKxiQKc1bCRhLsKUktviQoaEaCxf6uKE8niiQ78VaCZ6mwKEQ1QiQ35TbCNc9qKkuJdiQMI4ZCFu+rKkpbciQBrUZCNHqrKEv0HiQFu+ZCBAghK0bSEiQtdeZCtI7jKUbn9hQKxgYC1h2jKECsuhQc94ZC9RRmKEqGFiQJb3aCJxAmKUJGUiQMdbbC5QrjK0isbiQR2+aCBrMhKUbnTiQSMYbCpa8eKECsYiQmuZcCdSMkKEW5qiQRLacCd8ymKkSMsiQZQgbCZlDoKUc9eiQhm5bClcZvKktSQjQOx0aCR9jxKkczIjQDR8bCRoGwKEdyqiQEBTZClhjvKEXyqiQvNybCFAirK0HNQiQzLWZCpDBrK00IniQ9x6YCJJ4pKU2yGiQX2mZChO4fKU3z9hQ1mHYCtbhlK0gZphQ5vMYCdlIiKUWDphQCLAdCx1ynK0Nx1iQ S_000001_000
LWOMZCFCcyKkDtGiQc9gYC9n6zK0KHYiQiBxZCFu+zKECs0hQBrMYC98NwK0Ib9hQ4P1WC1iMwKUwKDiQUN+VClu5wKkEDwhQQgtWC1NZwKkpbchQ4PtUCFuOvK0w1thQEtoTCZ7MwKEZ76hQiB5VCFX/uKkqxNhQ+TdUCVMYvKEmuVhQ/U7TCpZ2xKk9oOhQCsiVCls9lK0KHmgQ1NBVCtcYoKU14hgQmuJVCNHqqKEW5sgQGZ7VCd8SqKUdT+gQLHiWCRh7nKUFuEhQWOUWCNHqlK0is3gQ+T1WC13PjKU147gQfUQXCx1ToKEEYXhQT3EXCdR2qKEsybhQwfSWCtILsKEBWNhQKyrWCBCgxKUloOiQw+lWCRWauKk+YIiQ3lvVCJnzyKE0vwhQeD6UCh3XtKkLvxhQqj+VCdvvvK0QX/gQ6+4TCxv5tKUN0QhQdJTTClbhyK06ZZhQRsdUCR5foKEf/UgQ3kpWCNgvhK00RygQ/WZXCNJ/iKE2iIhQpKeXCRZurKUVUohQ S_000001_000
LMdLTC5OfuKEEYPiQDXXUCpa8tKkX6ciQuz/RCNJ2vKU6mYiQ/puSChArrK0FZFiQPffRCtzXrKkBB6hQDCkRC5kIpKEShphQqx7SCxLtoK04lihQtdGRCR1YmKkuJxhQGZrPC5kImKkBBwhQjXKTCdS8lKUzMfhQDC0RCltjkK03PhhQShLRCV4akK0jCNhQ8nCWC1MDeKU0i2hQqxLVCxgQeK0FZlhQueEVCBBGcKEW5YhQzheUCRKcgKkX6ghQNzsUCdSciKEqGvhQLHiVCRhbiKU6mAiQmuRWCNJGgKU2OFiQWOEXCFuufKUMIUiQ2OfVClC3kK00NLiQ1NpUChqRmKUJGAiQMIIUCRK8kK0JxuhQgBSRCFZDtK0rsyhQ3xxQCJ49qKUtQEiQlvBRCpDppKkmBdhQ0wZRCdHHmKUG5/hQ7vgTCtcrlKE7sQhQsH8RC9ewiKkuHnhQ/OsRCl2NjKE9vDhQ+2gWCdcWcKkEh4hQ55dUCp+HcKkkhMhQTllVCVneaK0CFchQboZUCVqHoKEAtDiQ S_000001_000
Lmu5OCx1zjK0Gv8hQ35bPC55rjKEQ1SiQZ7cNCBAQkKU5Q5hQIFWPCNyGhKEQ1whQwKvOCxgQgKUzMdhQNeBPC9mUdKkU4YhQNzcQCZm5cK0GvWhQ5lmOClsdbKEW5qhQ03PNCpasaKUgVohQcS0QClXaaK0z3fhQ/UjPCpZGZK01johQueEPCJEIXKUgVahQ3kYUCluJWKEnERiQf/kTCNJGVKERLCiQhArSCV3UWKk781hQ03nSCls9YK0HF6hQc9YTCFYVaKET3IiQcSUUCltzYKkR2UiQAAIVCNJ2ZK0isjiQcSETChqBdKULyIiQlYISC5lOdKUPK6hQPK0RCBq2aK04lwhQK6FPCZqVhKEaaRhQMNxNCpBigKEEIehQvblOC5WzcK0veLhQm2uOCVGYcKUQo4hQm1MRC9DSZKU/mUhQZbxPCBCUYKEGf2hQeOuPCttqVK0XiZhQwVqTCNcKTKU75/hQZxvVCF5rYKEngriQYSGVCFFxbKUPxmiQOtsRCVQ7eKE8c2hQ S_000001_000
LPKUMCpvfaKklD9hQJbnMCVO0cKUf/KiQnE7KCxeEaKEmu1hQwK3MCNy2XKk9oIiQpbqMCVOUVKklD/hQuznNCdnPTKU46HiQ2O/OC55LUKknvHiQShbNCJahSKU5QfiQO0SMCJb3QKUNehiQe+uPC99jSKk++ViQe+uOCpEDRKU46jiQXktOC99TOKkYQeiQjXqQC5OPUK00NjiQc9wRCJaBTKE7RtiQ149RCdRmQKUiBriQgVmSCR0iUKk8S5iQqGXSC12JXK0Of7iQXkNTCx1jYK0LdHjQuzPRCpacYKkQgxiQShbQChA7WK0fqliQlNzMCFPeVK0OlvhQzkvLCdxuUKkwxBiQg3kNCR2oRKEP++hQJEVNC9dKUKkMrniQ3+PQCVxRRKk8fNiQqDAPCBBQRKkh6yiQUarOCBuONKU1TriQXsETCl6eaK0ZeJjQ7b+TCF1qXKEzOOjQRzFRC1eXaKUIQziQWRqPChswXKU7qeiQ S_000001_000
LjXyLC1i8PK04l4iQUNGMCFYFSKkYQIjQ9oYKCNdDPK0251iQ78tMCFZbNK0259iQaReMCNe5LKEueQjQbnvNCx1jKKUJGYjQzM7OC99zLKEnEPjQ2O/NCJv0KK025vjQYlLNCBVDJK0fq7jQZQAQCVOkLKEpwdjQXkdPCV3EKKk8SxjQgVuPCFsSHKU0iwjQSMgQCpbSOKUGEkjQkCnRCpbiOK0IbxjQAAQSC9nqMKE/p4jQEY9RCVMIRKkVO2jQyLVRC55bTK03PvjQEtwRCVjnVKkX60jQPKMQC56BTKEVjhjQlD1PChqhQKE/pcjQLNzLCZEiKKkMONjQrRIMC9vENKEzvbjQ29uNC56rIK0jhTjQYtzNCF1qMKkOU0jQEnuQCFIhKKEaUXjQdo4PCNi2KK0CA+jQ7OsQCdFAHK0xpxjQGCvSCJRXRKU3m/jQLTsPChUkUKku9bjQnRDPCJ7RQKURWTjQ S_000001_000
LLymMChqBKKkVOSkQFuWNC5QbMKUzMZkQEtILCRKMKK0HFQkQCB+MCdRmHKU14hkQhrPOCVOUGKkoFhkQsyRPCRKsHK0xLvkQIF2PCx09JKEaRkkQFDyOCZ78IKUy2DlQepjOCNz8GKkZmTlQ99jQCtxbLK0w1zkQoa8PCpEzKKkZmJlQ5Q7QCJGkJKU0iWlQJGsSCdolUKUGEElQTi5SCluJSKkpbMlQGZTSCdR2PKEEYHlQKxYRCBrMQKEpw3kQ99DRCV3kSK0fqtkQW5wRCtz3UKErc0kQYljRCR0SXKEUNskQNzEQCtxLSKErcekQlD1PCxKnPKUbnfkQsHlQCdTSOKU0iukQXhkOClGVGKk6SSkQ4jJOCJadEKUd2lkQe0/PCV2aGKEnYykQnK9NC5a8JKUe9AlQL7eRCN2wKKEZbzkQsOoPCpNdMKEURQlQTP4QCxiUKKE5+klQT6kTCtcCSKEsuXlQPgESClA1YKU/dxkQ5+4QChtiXKEI4gkQwbKPCBitOK0loWkQ S_000001_000
LJGcNCpwVHKEmullQoFZMCRhLJKUktdlQWOENCB/pEKUy2tlQMIQOCpZ2IKEDC4lQuzXPCZljHK0FZBmQ46RQCJGkJK0eUMmQpbiQC9S3LKkAr+lQDXvPCNzsKKU2OhmQaR2QChVuKKEYlvmQsyZQCFZLOKkCXLmQDXPPCNzcNK057ZmQ/UDPCBqWPKkmZqmQe+eNCZljSKkVOSlQ6mUNChUIQKEaRclQSMQMCRhrOKksdWlQgqJOCtxLPKklDrlQ5QLPChU4QKEqGvlQzMbPC5PVTKk++llQXPiOCVOUUKkYQWlQUNmOCxLdWKkmZMlQZ7kQClsdUKkmZulQuz/QC1isSKUPK8lQoaMQC5leQK0Of9lQe23PCJnnGKEiM2lQljDPCl5PGKUW7LmQ91IRCl5sIK0YePmQhHAPCZ6kJKUNQmmQWtMRC9niOKkBDUmQuoaOClYTNK08gRmQ08ZOCNssQK0AllmQ+L0MCFsETKkKiHlQSrFMCp17MKkvHdlQdqoLCBAXPKEElLlQLizRCZg7SKEl0EmQ S_000001_000
Lb8yQC9RBMK0d+GnQ3kYPCJxQMK025NnQ3kwRCRLiKK0yhUnQEYVRCFX/OKU3kCnQSMoSCZQgPK0FZ5mQEYFTChUYSKUiB9mQVjfSCtILUKk/UtmQIFuSCJEoTK0yhSnQyLtTCpbiVKktzXnQY62RCR0SWKUgV4mQy2ZRCNIAVKEnENnQ03/QCV46WKEaRcnQdoFQCxggeKUdTQmQ/ULRCNeJeKkvfcmQf/kRCtx7bKU0immQCBuQClX6ZKkoFjmQ35jPCtd+ZKUiBXmQbnPPCRhbcKUzMNmQFDKOCFDycKEtIBmQ5Q7OCxJhXKkrHXmQyLtPCdTCWKkoFjmQ5QzQCNyWXKEQ1qmQFulSCdrKPKEF9pmQRKSTCRxSOK0Z2/mQaxDUCZsdSKEEj7mQ2eqSC1lNSKkYXdnQFVeSCBDxXK0ej7mQS+rQCFzsTKE7oKnQGjJQChatXKEgpXnQMfwRCVitfK09TemQNq+NCt8heKEco6lQWZiNCdxSbK0Uw+lQOThPC5sJUKESQmmQ S_000001_000
LMIAVC9owUK0FZlnQXPqUCZ5gSKEv0znQ9oIWCNzcUK0kYWnQsHNVC12ZXKEVjznQc9IUC9SXYKErcAoQOJuTC98NbK0co7nQ5l2UCVNucKEVjznQDXnSC13fbKEQ1qnQPfXRCVihcKEsyznQ8SfUCpvPeKUHahnQGEQTCx09cKknvXnQpwdSCVN+eK025NnQPfnVCBVTeKEpwRnQiWsVCNJWgKUdTCnQT30UCVjHiKkZmBnQe+uWCV3UgKUdT0mQpbqXCZmZeKE7R1mQO0qYCVNeeKUzMnmQ/pmXCNdTcKULyEnQBrkWCdoVcKkvfSnQzO1UCxziaKEK8gmQ4gbUCdtTYKEv7HoQPDXTChrMXK0uH/nQ3gZTCVDFcK0YXEoQCucSCxIwZK0XOknQtcRUCZXEgKkgAmnQLQjTCxUtbKkZuMnQtA+RCpnLeKUg9BnQbNXZCJtFdKkqinmQDktYCBF6fKUricmQSnSYCpD6aKEzVFnQLggWClL7aKE3SdnQ S_000001_000
L5lGVCZQwrKU6mYnQ1NhUCNJWpKUO0inQAAQUCBBmtK0z3LnQ/UTWCV4qqKkYQKnQTiJXCVNesKUwK/mQy2RYCB/5qKUzM1mQwf6YCd+OpKEtIFnQ46xXCViBpK0z3jmQ++hYC9TdpKkrHRmQyLNZCxgwmKESh7mQY6+XClYQmKkWktmQ+TNYCNIQkKkEDemQZQQXCpv/hKULy8nQ35rWCBr8jKUMIwnQHvcVCpvvkKE+T1nQCsSXCltDlKUKcfnQjXiYC1jCkKEXPcnQPKMZCdRGiKU46nnQsyhYCRh7gK0fq5nQT38YCRKMfK0d+CoQlDdaCxKnhKEYlfnQ8niaCd+OjKk8SPnQ8naZCxJxkKEaRMnQo1fXC1/ytKkGSJnQTNoWCFOZtKkOH0mQNHVYC1nVeK03G5mQbbnWCFdMeKEnOMnQMY8YCxbKsKEBjvmQA70WCheWpKUWahmQRhAaCB9zmKUJhymQtPPXCZpwlKku92mQ6RpXC13siKEuVhmQjZuWCJGUhK0pZEoQrNAVCRiImKEl0snQ7M/UCVp8jKEYyAoQSNVbCxcWjKEEFGnQ S_000001_000
LsH9XCZ6WrK0Jx+lQQgNXCd9otK0NJImQf/EZCNJ2rKkqxvlQwf6WC1icpK0xLzlQJGkVCx1jpKET34lQoa0UCBrcnKU0islQfUQVC141kK0IbzlQf/UTCVNenK0JxwlQBrsSCNz8oKkvfglQ9oQUCtHFjKEDCslQx17SCtyhkKEv0vlQhADSCFX/jK0GvelQO0aSChWkZKkpbylQoFBSChrnbKkuJllQAAARCBBGbKUy2XlQZ7kSChqBeKET3klQCBmTCNIQeKU2OzlQ6mEUCh/UcKUzMBmQdodTCxgwZKE7RBmQSMwTCNdzXK04lMmQMIIVC5PVdKEEYNmQW5QVCd8yfKUFuGmQhrXUCpvfgKEW52lQquNVC9zVrK0Re1lQRveVCpCQpKU6SImQNDBVCtGqnKESRdlQ2SKTCpZQoK013+lQMpYUCpeyiKk0pclQPVkSC1T6jKkQg9lQYUbRCxtflK0GMdlQPH8RCNT3XKEgYxlQATrQC5xecK0/COlQs9kQCd4UZKkl5XlQHB8VCp2BhKkcZMmQ S_000001_000
LqGfSC14FsKk8SjlQwKfRCNH6sK0d+SlQlYQSCRhrsKkVO6lQU46TC9RRtKUO0clQx1DUCNy2vKEShTlQpb6UCVNuvKEEY/kQRLSUC9mUxKET3ukQgVWWCtduwKkYQClQtdWXCVjnuK0xLFlQCBOVCR0CzKUiBlkQ+TlWCRKsyKEmuvkQQ1gXCBAwxK01jgkQ8nqUC1411KEYllkQkC3UC9mk3KEDCUkQVjfVCltz2KUPKEkQmZWUC14F6KUFuUkQIwqTCZP66KU14lkQueMTClXa9K0islkQlDdTCRKM5K0253kQdo9TC9Tt2KEnE3kQl3eUCpYDxKk67dlQT+KTChNjwKkm7PlQYt9UCp52tKUOo6kQY2YWCBw6xKk2rOlQsDSVChdfyK0UBWkQxC2WCJdd0KUA/0kQW71XCd4QzKk/HYkQiHsSChyF+K0X+xkQusWTCJNk+KkuRZkQP18SCZQz5KEOcElQUz0TC1jg1KU0QDlQ S_000001_000
LrcwXC5OPsK03P1kQTihYC5kYtKU5QjkQHaZYCtzHqKEaRClQ5lWWCV4KrKECsskQzMTWC1icpKkX6akQZQYWClYgmKUiBhkQ4PFVCxJRlKk78dkQx1TXCVO0kKUKcTkQ78lXC9TdiKUIwekQuzHVCZQgjKEaRMkQIwaWCZmJkKUxgAkQnv3WC573hKk/U1jQ35DRCpaMfKEDCmjQoaESCNJGeK03PxjQgVGTCx1TfKkR26jQ2jCTCR2+hK0NJ4jQWOESCR1YjKUf/sjQsyBRCd94hKkTijjQLHCQCRLCjKkpbYjQiWUSCNyGmKUHatjQhAbTCpETmKk9o4jQIw6TCZm5jKkTi/jQ5LDXC5b2pKU4VRkQKadVCNevpKUGOTkQ0XoWCxhXmKU+IwkQd8HYCdw1lKEQYQkQ2HJVCZ3ohKU2GRkQFGUWCpAslK0N72jQMRdWClL2hKEsHnjQOJDSCdJJcKELmyjQc/UPChC7hKUKISjQmmAQC1u+kKUxoWjQx/2TCNlAoK0Ix7jQ S_000001_000
Lnv/YC9RBiKUPKqkQRLiZC1icfKkYQikQb8yZC9ogkKUFuokQepjYCNymhKEueClQLHiZChV+gKkSMSlQtILZCNHaeKEv0dlQPK0XCJaheKEsyllQ46JZC1i8bKUktPlQIFeaCpv/aK0KHMlQDCMXCNIAcK0FZjlQjXSYCJGEaKUf/clQnE7YC1jCZK0LdvlQf/EWCNIQcK0LdTlQf/MVC5kIaK0eUQlQTiRVCxgAYKEsyZlQIFOUCNJmaKEBWBlQgqBUCZP6cKESh1kQzhGTCRLCdKkArokQaR+UChqBfKUep5kQ357VChrneKUMIIlQuhlZCdfciKUPhclQ80ZaCRtwgK0KNLlQC3xZCR6LeKEUBqlQSNuYCRpYcKUSGClQiSzWCZlbbK0RExlQy67XCpwlYKkiUUlQmOHZCZrIXK01RtlQB0lTClRIZK0hw+kQZ+5UCpjugKEs7xkQrkkWC5sEgKkTvKlQ S_000001_000
LCB2aClYwZKk/U1kQSMwZCpbSaKUy2lkQyLNcC55raKUMIwkQJb3aC1hmWKkED6kQueEbCZQgVK0a8OlQzMTaClu5SK0w1RlQc94YCB/ZTK0OfVlQEYVaCd8CRKU3k+kQyLdbC14VPKU0iAlQQgFYCtIrRKkX6IlQfUAZCd8iPKUep/kQRLCZCJvUNK0coNlQqxLUC5PVSKEaRSkQdolUChWUQKEW5ekQR2mVCZQQQK0JxskQvJRWCNJmSKkoFtkQ789VCdo1UKUc9gkQPf3UCNHqUKUf/SkQR2eUCtxrWKU0iGkQmZ2WCNe5WKU2OlkQmupXC573VK0cozkQVjXXC1jSTKUwK5kQoHxaCdMzWKU8qZlQ0oBcCNWKVKUtBRlQEDqaCND9RKknUelQ/RYaCxuHSKUQexkQJ6aXCVr0QKkfNSlQDysYCVVAPKErYxkQSY6ZCJsdMKEIqMlQ6OEUCldqOK0R1dkQObtTCVUeWKEwB9jQbD+UCNhYYK0H7GkQEiZYCJh3WKE395kQ S_000001_000
LY6WcC1MzOKk78rkQU4icC1hWRKUPKgkQCsidCFDSNKEBWzkQpbabCRg1MK0kYekQJbHbCRgVNKkvfIkQ8S/ZCVihLKUwKBkQEtwYChpbMK0xLLkQ+TtZCpwlLK0xLpjQiWcaCBqmJKktzdjQzhuXC1NpMKknv7jQ+TNYCZlDLK0eUojQc94XCltTIK0eUqjQGZzUCRgVTK00NTjQf/sUCpZmQKEXPUjQsHtTCdnfPKkrHJjQgqhVCpEDPKUHafjQLyeWChVeQKktzpjQ2jqWCZ7MTKkqxpjQ46xVCh/0UKEsydjQnEzVCR0SXKkBBcjQSMwXCxf6TK0bS2jQNzMYCpFpRKkTi9jQ5leXCZkdPKECs2jQUv6bCFEANK0U5/jQrj2aCNpNPKUu1GkQ6zLaCZDsJKUhtFkQ4y7ZCVLXNKEaljjQw65WC9i1LKERVBkQ0ezXCNG0LKUBYbjQzq6WCF+FIKkpppjQTSJUCJxSUK0eeKjQpWlTCFFjNKEsOJjQT+FTC1ynQK0/1AjQJg+YCpbfRKEGBHkQ S_000001_000
Lv0VbCVNeKKEmuJjQKxAbCtyRNKEXPEjQkCvcCpvvJKkoFPjQmZ2aCBWpIK0NJ2iQQ1oZCR1IHKkR22iQ/UjYCpGPIKkSMoiQ99rXC5PFKKUbnziQyL9YCZk9JKUzMViQuznZCJGkIK01jEiQJb/WC12pLKEaRkiQ6mkXCtI7KKErcOiQpbyWChp7IK0kYEiQGEIXCpZmOK0MzoiQjsNWCVjXQKknvfiQpbSVC55rPKkYQUiQIwaWClBBTKk9okiQhAbXCx1DUKEEYxiQmZeXCpGfWKUgV0iQXkVYCxKHSKUMI6iQRLKYClBhPK0co1iQsxSZCZLJHK0xhFjQT10ZCtpSFKEDjyiQ5WAYCJrvGKkXAjiQEtiZCh2ZLKkXKaiQi4CWC9/ILK0BtkiQ1EoXCZDhMKUtWFiQxoXXCRF0HKUwd7hQXSyVC95SUK0SbeiQUGFZCd7rSK0gRDjQptyYCd2OOKktu7iQ S_000001_000
LzMbaCJxQKKEZ7yhQPfHbCVihMKkZm9hQ78NbCxeUIK0eUmhQ3kQZC9TdLK0KHkhQiWcZCpEzNKEYlXhQQgFYCxf6OKkZmRhQ8SXXCZ6mPK0a8khQPfHYCBAgRKkR2EhQ0iMYCd++QKULyugQ5luWC5kISK01jihQ8nyWC1MzSK0JxKhQnErVCtduRK025/gQKxYXCNIQUKUgVwhQIF2WCBq2WKEEYxhQHv0VC5QbXKEtInhQEYdXCJFuYKktz9hQDCkYCBBGYKUO0IiQ67HZClYAaK0MzUiQKxIZC5leVKEAAIiQHahYC12pTKEpw7hQY58ZC5cVNK09sKhQU18ZCRGHPKEO7fhQfhlXCJkiNKUBzJhQPm4YCd3kSKUXbJhQToyVCJ57RKUh2mhQVn0WCNjvUKU5zIhQyW3UCVmqSKUxlEhQTu7ZCNbnZK0NEdiQ6buYCR8ybKEVTViQcm8ZChjCVKk/GQiQ1W5YCpM2RKEN86hQ S_000001_000
LXkdZCBVDSKEpwhgQ2jqaCJxwRKUKcvgQU4aZC5OvQK0yhMgQjXKZChALVK0JxegQR2GYCFsCWKUzMRgQdolXCRfvYKUjXYgQ7RRXC5koYK0gAvgQEYlYCdTCbKUFuWgQY6mYClXKcKU46BgQO0qXCBVDbKEqG5gQEtAYCpG/cKEnEngQpw1WCNdTeKE99fgQMdzYCV3kaKkArIhQPKMZCtHlcK00NXhQmZmYC9oweKk/UXhQv0NaCtHFcKUf/khQUN2aC98tZKUFukhQUN2bCBVTZK0yhyhQOJeaCZPqXKUMIWhQXkdZC5QLYKECsIhQMaYXCJeuUKUlrRgQhScYChBLWK0KgCgQPkxWChHKZKEITQgQ/keZCVnYaKE0eagQLi5WCdfvbKkLEBhQwqrYCFtSeKUsqrgQoj6WCBhpeKkjlQgQ9gUcCxjlXK0ekyhQLyGcCZotaK0Hm8hQvv7aCRo7VKk5+VhQ99LZC5kyWK0oh+gQ S_000001_000
LDX/ZCBWJdKk/UvfQ/UzaCpGvaK0NJmfQSMoZCNdDfKEW5MfQ8SvaCZ7seKU6mKgQHaZbCZ7MhKEtIHgQfUgaCNdjjKUzMNgQdotZCFC8iKUMIggQZQQbCNyGmK0a8SgQamZbCRfvnKU6mAgQam5ZC5Q7kKkEDwgQpwVaCpFZnKkTijgQjsNZCJwqoKEaRagQIFGdCVM4mKEXPwhQCBWcCxJhoKEUNkhQwfibClX6nK0w1ThQFDibC9oQlK025PhQ67PcCtHVjK0jCbhQ0iEdCtdOkKEDCshQWO0dC14liKUGE4hQ3kAcC99zgKUIwShQ8nKbCxgQhKEtIDhQlD1aCFt4jKUgVAhQKUKeCtmsjKUTrqgQf23eCh9xmKk9z8gQ+1obCZeWhKkn9vfQvpNcC12QhK0HyPgQjH5ZC1O7jK0oUBgQLYIcCdqolKEu3YgQOhDZCRnTlKEBa3gQ0S1aC1WooKkqysgQ5zeZCtCfpKUprMgQNBZcC19aqKEn5nhQ2SXeCVvUjKkarDiQ5D0dCVcqgK08S1hQgazaCNS1fKEtD6gQ S_000001_000
Lc9MiCB/peKEYlrjQmuJiCpasbKEqGrjQBWNiCJGEgKkpbAkQJbnhCh/0fKULycjQmZehC57niKE8ncjQhr/gCdoVjKUFuKjQ46JhCNIwhKUGE4iQueQgCJaxiKEtIPjQsy5fCRLClK0jCZjQ03jgCtI7gK0cotiQcS8fCxJRiKULy4iQiWkfCxKnkKEVjtiQMdzeCx0dYKE8nQiQuzneCJvEbKUgVMiQEtQfC55LdKkvfUiQUNGgCZPacKUIwiiQ03PgCJG0ZK0MzoiQAAwfCxgwXK0jCfiQ357fCJwKVKEBWjiQlYwgCFDyZKUy23iQgq5gChWUcKU3k6iQQghgCJxAeKUgVuiQZM5hCVPnjKUtpajQYtRhCZWIjKUnXqjQAADhC1SPlK0CRHjQRIOgCZSMhKUwWYjQi/kgCFhghKEdqeiQ6CMfCVBBhKERP5iQEZmeCdZlkKUKKriQ3R7dC5QfbK01yBiQnFZfChA0TKESFciQQvTgCxxnUKUHvtiQ03PhChT8cKkCeEjQ S_000001_000
LM9PiCJTVfKEMzgoQD0MiCxcjcK0TrcoQ5GRiCVozfKEjhsoQEYphClBBhKEW5boQdTmhCJFehKE/pQoQzM7gCRKsiKkEDOoQhr3gCJxQlKU2OToQPfzgClsdjKEueCoQLyqgClsNhKEsy3nQb8WgCFuumKEDCOoQJGMgCtdOlKUIwDoQx1LfCBAwjKUGEFoQEYlgCFsipKEAAMoQAAIgCRhbrKU46HoQsHFfCJaxqKkEDGoQyLVgChV+tKkEDGoQam9gClXquK0KHIoQ0iIhCZ7MxK0KHGoQMIchCFDysKE7RMoQO0OhCJaRqKkoFOoQEqphC1xwfKUw5MoQbT9hCduriKkFdOoQB0VgC9vztKkvcjoQRrkgC5cghK0EwQoQaqMhCxJakKEYd/nQRe7fCtgwmKkFsSoQEXJgCpffmK0sn7nQ3HleClqJkKUgO+nQr1lhCxuzxK0bfHoQMQzgCpBdyKUGRDoQFu5hCBGUtKUhxNoQDPjhC939oKUa7QoQ S_000001_000
LTz8gCFLJhKkfwfnQ7djhCdC4iKUzyenQi7/gCxQSeKEfoZnQ/1XgCVKjiKk7ESnQpZZfChu3hKk/6VnQBFfeCBiIkKktPPnQpgqeC1JXmKkWqdnQnMyeCh4ZlKEwu5mQWPSeCJy3jKEapomQuKWeCBivoKEvrSnQZ+AeClHAoKkhp7mQZvRfCZO9hKUQdbmQXiAfCVOWiK0thCmQ4SocClNonKknZ4mQOu6fC1QhyK08BJnQUVueCZVWxK0IpFnQUJYeCFpyuKEWdInQVEbfCJKWtKkzoPnQJhWgCRjRuK0s1TnQeLegC1cAxKUnQQnQvGEhCtmJyKURoTnQ/swgCZbPsKEEBbnQzYXgCNUJqKEj/anQXzcfCJDqqKkEXUnQBzRfCpbghKExNlnQ6HLfCtcQgKkQyNnQeljdC5NhjKUHBQnQRRwfCJpnlKU/L4mQ9RjdCNRgpK0qjZnQZ/XeC9EYpK0pDymQO5fcCZQUmKUn8smQBtAeCFlhyKE0ZAnQM7HhCpNE0KUt4QnQkKchCl+ExKUq3YnQj1ggCJ4WoKUwXfnQ S_000001_000
LGm+fCF6igKUZoQmQm/qgCxRthKE3+PmQgvxfCB/rdKU5ALmQ1mCfCRDTiKUshBmQJelfCttUkKUzN0lQBD1eCZ66mKU9X2lQVAHfCtPIoK0ZALmQ2iLfChMGpKU4UmlQYNjeC1HvoKUtNSlQMRFfC9B8qK0PHJmQvCweCNoorKkY4xlQH+efCRh2gKkUvomQscWdC9gDsKkQCwlQZyMgCdpAsKEu1PmQSqOgCVUsuKE3IVmQEVffC11KwKEVgUmQbT2gCNImvKE1RbmQ3ibhC1IIuK0JocmQRz8hCt+OvKEQbimQLMXhCRmXrKkR6WmQs8wgCd3bqKUM5QmQS5ifCNrujK0VSllQ0rQgChznkKkGM4lQwm3dCxtimKEiZ1lQO4EgCRcIpKEFSklQKqYeCB6prK05hSmQisQfChXMtKkU+slQk2DdCd5grKkTthlQCW4gCZefxK0RGfmQFDwhCRMLqKk8aXmQ3zugC9rioKU8CNmQ S_000001_000
Lj6NfCZ37pKU938kQNCWgCR1/pKUlAAlQMZpeCRgfoKkRPqkQ6hseChg8sK0jG8kQ75PfClD0uKUFdtkQriIfCp+oxK0kq1kQYxTfC1ArxKE0tMlQRpFgC9tmzKEfftkQon3fCF5o0K068YkQPv+fCpHB0K0qBTlQmbGgCRFu1K0FA/kQYiHfCNXi3KEb08kQT7NiCtVT3KUTEzlQZyshCdkm4K0LVqlQjmIhCFun3KUaSilQV/HhCZB80KkgzjlQgknhCNxUzKUaXslQ3RMiCN7m0K06W0lQSVtiC1CUzKkqD9lQb0bhCBopwKUdOrlQJC2gC1PtwKEKKilQgDogCdKPzK0PPdlQldxeCJMruKUTyfkQKNGgCx3YuKkhKrkQUcPeCZCVyK0bNykQHkhgCJmtyKkr8skQ/sbfCRDB1K0kSdlQoBigCNtp2KULg/kQyk9eCFL43KEqltkQSkvhCFfj6KkvxplQ0FGjCpYU0KEIXCmQM2siCR9WxK0sK+lQpSlgCl2FvKUFKflQ S_000001_000
Lo9egCFq90KkyeGkQOf3gCV8ayKkzSGkQFBHgCJ+y1KkVEzjQAT/gChqV3KUIwMkQ8nqhCVMY3KU2OFkQjsFiCFYV5KEAASkQnv/hCRg14Kk9ookQOJ2iC99D5KEmuPkQ8SHjClXK6KUPK8jQwfmiCxJR5Kk78zkQBWFjCdnf6KEAAkkQPf/iCR0S9KEUNkkQ/U3iChVu2KE+T9kQhrXjC9m02KkX6MlQy2ljClYA5KUO0SlQR2mjC9og0KEEYVlQkCXjChALyKULyOlQFumjCFC8vKkQgXlQUN2iC9RByKEZ7+kQMdniCJGU0K0Gv2kQA1qhCJ153KEKI2jQ5y2hCZGl1KUSlGkQ5U8hCxDK7KEUsOkQk/9iCRrK3KkWdQkQl9giCxhj6KUJc/kQ1WjjC5gF6KU2InkQJoEjCR3/9KU0zVkQ9vbjCpQMuKES/SlQcM9jCpADwK0JailQFxqiCpvSwKUAN6kQY8QiCVlP0KUY2rkQ S_000001_000
LU4KaCtyBrKkDtOlQobtZCh2XrKE7oclQWKDbCpfbrKEHgVlQ6XEaCp28sKUQzKlQBVoaC5urqKEMxAlQTmSZCxFoqKEA6HlQvYRaCxuGpKE3mSlQ S_000001_000
LvJRaC1MjtKET3UkQFVYZCpydtKUeMckQZstaCNO+sKk7QikQ9WXaCVicvK0PRZkQY+JbC9motKkHiNkQEn0ZCdLIuKkqdHkQh8KaCV3prKUWdQkQ S_000001_000
LdCNZCdHwrKk+9rlQtDRYC5hprKkO+ulQygmZCZjQsKUyS5lQ S_000001_000
LvaBcCJ73rKUWBdlQabncChmpqKEo+jlQJjdcC1cktK0VDelQ S_000001_000
LSL9ZCl+EvKE8eGlQIQsaCxWIwK0NeBlQmBOZCl+mvK0Xr9kQ S_000001_000
LMuIbC9dTqK0IcxkQ8sEcChDaqK04bukQ3PvaCBCzpKEVHkkQ S_000001_000
L6VUYCRqLqKExYAlQPVuXC5+ZrKUfb5kQgN4XClIfoKUxW/kQ S_000001_000
LXlYaC1m+mKUL7WlQeb1ZClLamK0InilQZ+GaC5c4lKkmKLlQ S_000001_000
Lx0ZYC51XtKkkQkkQGwiXCN5wtKk8UekQJUOYCBd4sKk9xykQ S_000001_000
LKlNbCJ6UsK0FPxkQAtZbC5diqK0gy1kQSLjbCdqbtKk2g8kQ S_000001_000
LvSeaCFGkxK0PMekQsvsZCp0ryKkADfkQzh+aCtF/xKESxqkQ S_000001_000
LseIcCtjutKkBeFkQHwVcCR29uKUlR6jQjOlcCBUHsK0RbBkQ S_000001_000
LTuUZChfxuKEgf4jQdmIZCt7jwKUF8zjQLI/YCJvqtKUvNtjQ S_000001_000
LvAEaClTipKUWiLkQDrQaCR1FoK0mEVkQibcaCpFApKkGK+jQ S_000001_000
SCORE:  1340.815    -78.246   1239.208           0.995          6.697                    6.066    -38.380      3.247      5.000         92.545              0.000              8.633     -62.598        -3.021           34.091            -2.918            -0.953     -29.962    118.940         0.000            0.000      41.400         0.000         0.000                0.072 16140.850          2      0.607       2.710    S_000002_000
RES_NUM B:8-12 B:127-137 B:169-179 C:205 D:1-5 B:1-2 w:1001-1012 S_000002_000
FOLD_TREE  EDGE 1 3 -1  EDGE 3 5 -1  JEDGE 3 33 4 C4 C2  INTRA_RES_STUB  JEDGE 1 29 5 C4 C2  INTRA_RES_STUB  JEDGE 5 35 7 C4 MG  INTRA_RES_STUB  JEDGE 35 17 3 MG C4  INTRA_RES_STUB  EDGE 17 22 -1  EDGE 22 27 -1  JEDGE 17 6 1 C4 C4  INTRA_RES_STUB  JEDGE 22 34 2 C4 MG  INTRA_RES_STUB  JEDGE 6 28 6 C4 C4  INTRA_RES_STUB  EDGE 6 16 -1  JEDGE 34 36 8 MG O  INTRA_RES_STUB  JEDGE 34 37 9 MG O  INTRA_RES_STUB  JEDGE 34 38 10 MG O  INTRA_RES_STUB  JEDGE 34 39 11 MG O  INTRA_RES_STUB  JEDGE 34 40 12 MG O  INTRA_RES_STUB  JEDGE 34 41 13 MG O  INTRA_RES_STUB  JEDGE 35 42 14 MG O  INTRA_RES_STUB  JEDGE 35 43 15 MG O  INTRA_RES_STUB  JEDGE 35 44 16 MG O  INTRA_RES_STUB  JEDGE 35 45 17 MG O  INTRA_RES_STUB  JEDGE 35 46 18 MG O  INTRA_RES_STUB  JEDGE 35 47 19 MG O  INTRA_RES_STUB  EDGE 29 32 -1  S_000002_000
RT 0.303181 -0.0618028 0.950927 -0.425812 -0.901515 0.0771689 0.852505 -0.428313 -0.299638 -10.2616 9.51442 11.2132   S_000002_000
RT -0.983009 -0.183478 -0.00542685 -0.0455982 0.215446 0.97545 -0.177805 0.959124 -0.220152 -7.3391 -10.1896 3.34368   S_000002_000
RT -0.908799 -0.405771 -0.0971287 -0.411865 0.83523 0.36436 -0.0667219 0.371134 -0.926179 -7.44719 -11.1992 0.0353105   S_000002_000
RT -0.640913 -0.717853 0.271879 -0.751054 0.659608 -0.0289026 -0.158586 -0.22272 -0.961897 0.12695 -1.00198 6.75575   S_000002_000
RT 0.828156 0.4533 -0.329661 0.455718 -0.886975 -0.0748035 -0.32631 -0.0882837 -0.941131 2.5143 -10.6731 -9.70851   S_000002_000
RT 0.778711 -0.627378 -0.00245707 -0.61736 -0.766962 0.175031 -0.111695 -0.134781 -0.98456 2.1962 9.6686 -8.26823   S_000002_000
RT 0.293414 -0.835554 -0.464497 -0.551674 0.248826 -0.796079 0.780746 0.489831 -0.387944 -3.46902 7.85576 11.4355   S_000002_000
RT 0.612079 -0.790796 -8.39606e-15 0.790796 0.612079 -1.19349e-15 6.10623e-15 -5.84949e-15 1 -2.1 2.33147e-15 -1.94289e-16   S_000002_000
RT 2.05391e-15 2.96985e-15 1 -0.612079 0.790796 -1.05471e-15 -0.790796 -0.612079 3.44169e-15 6.66134e-15 2.1 2.72005e-15   S_000002_000
RT 0.790796 0.612079 -2.498e-15 4.996e-15 -2.33147e-15 1 0.612079 -0.790796 -4.82947e-15 3.52496e-15 -1.39333e-14 -2.1   S_000002_000
RT -0.612079 0.790796 -6.80012e-15 -0.790796 -0.612079 -2.41474e-15 -6.10623e-15 3.8719e-15 1 2.1 -2.33147e-15 1.94289e-16   S_000002_000
RT -0.724013 -0.680311 -0.113938 0.522624 -0.648825 0.553073 -0.450188 0.340885 0.825305 -6.66134e-15 -2.1 -2.72005e-15   S_000002_000
RT -0.886488 -0.398157 -0.235817 0.102826 -0.666344 0.73852 -0.451183 0.630441 0.631647 -3.52496e-15 1.39333e-14 2.1   S_000002_000
RT 0.612079 -0.790796 1.11022e-16 0.790796 0.612079 3.27516e-15 -2.60902e-15 -1.89432e-15 1 -2.1 -1.22125e-15 -7.77156e-16   S_000002_000
RT 4.38538e-15 1.11022e-15 1 -0.612079 0.790796 1.77636e-15 -0.790796 -0.612079 4.16334e-15 2.77556e-15 2.1 -5.66214e-15   S_000002_000
RT -0.733643 0.125668 0.667814 -0.496468 -0.770151 -0.400482 0.46399 -0.625359 0.627406 9.49241e-15 -7.21645e-15 -2.1   S_000002_000
RT -0.528021 0.676877 0.512866 0.842586 0.342161 0.415902 0.106032 0.651738 -0.750996 2.1 1.22125e-15 7.77156e-16   S_000002_000
RT -4.38538e-15 -1.11022e-15 1 0.612079 -0.790796 1.77636e-15 0.790796 0.612079 4.16334e-15 -2.77556e-15 -2.1 5.66214e-15   S_000002_000
RT 0.773473 0.30591 -0.55512 -0.4331 -0.38438 -0.815277 -0.462778 0.871017 -0.164818 -9.49241e-15 7.21645e-15 2.1   S_000002_000
ANNOTATED_SEQUENCE: g[RGU:LowerRNA:Virtual_Phosphate:BlockStackBelow]ugug[RGU:BlockStackAbove]a[RAD:Virtual_Phosphate:BlockStackBelow]gagacuagac[RCY:BlockStackAbove]g[RGU:Virtual_Phosphate:BlockStackBelow]gcauagucca[RAD:UpperRNA:BlockStackAbove]a[RAD:Virtual_Phosphate]c[RCY:LowerRNA:Virtual_Phosphate:BlockStackBelow]aua[RAD:rna_cutpoint_lower]c[RCY:rna_cutpoint_upper]Z[MG]Z[MG]w[HOH:VirtualWater]w[HOH:VirtualWater]w[HOH:VirtualWater]w[HOH:VirtualWater]www[HOH:VirtualWater]w[HOH:VirtualWater]www[HOH:VirtualWater]w S_000002_000
CHAIN_ENDINGS  5 16 27 28 32 33 34 S_000002_000
LShDnCZ5AzK03PnnQYlnmChrnwKE99lnQlYMnChVO0KkmZ8nQZQwmCxgQ1K0coXnQx1DnC9m03K0bSWnQWOAnCFu+4K057/mQ/U/mCR142K0z3vmQhAXmCBAg6KEEY7mQCsWmCltD9K0xLFnQ/UnmC1Mz3Kk78dmQMIYmCR1o6KEnEjmQNz0mCJvk8KET3amQDCckC13P2KkAr0lQ5l2kCFCc4KE8n0lQDXrkCNIg6KkSMolQIFalC1hm4K0NJAmQamhlCJEY2KEAAMmQoFJlC14F0KkoFNmQtIjkCRK8zKkDtAmQyLJkCtHFyKUbn/lQJbblCNIQyK0d+amQ469lCRKczKU14hmQ67DmCZ781KkQgZmQJJinC9Oq3K0+FanQ101mCFHC5KkQcgnQLbgmCpcwxK0u+slQG62lCFvjzK0JSXlQYNZnClWH6K0eL9mQ9p+lCxzc5KkdiAnQzg6mCxM23KURjRmQHe7lCxf66KUaFdmQZG1mCx/H+KE+ckmQOaCkCVYU2K0nprlQtU9kCF9G8KEEtnlQ+NRkCRba6KEjkflQd0RmCZynyK0JFsmQ S_000002_000
LY6ylCNep9KkU4WnQv0llChWE7KECsgnQuzDmCNdz/KULyknQqxLlCNIw+KEQ1InQueMlClDdBLERLCnQPf3kC9S3BL04lsmQsy9kCRgl/KUIwemQqGHkC5kICLkrHtmQOJ6jCxfqELkDt0mQCBakCJbX/KkR2QmQYl7jCtIrBLknvVmQgVCkCd94DLkEDImQoFFkCd+u8K0JxUmQMIgjCNdD8KkZmJmQIwOjCR2e9KEXP8lQ99PjChWk5KkR2OmQfUgjClYw3K0fqdmQXPOjCBqm1KU0igmQFuGkC9Sn4K01jomQnEXkCxJB7KEv0jmQHRqlC9mDCL0DQBnQoW9kCl/iCLU3wMnQyYElCZUbDL00rlmQeI7jCNruALEtQ2mQzSjkClGf/K0E5BmQBDejCp+CBLUxLUmQpE8jC5liFL0v6PmQw91iC9rA5KE+THmQwWUkCxtc3Kk2KzmQ/ExkCp/k7KktUrmQ S_000002_000
LDXfjCZ5wELksdKnQXPujClBhCLEaRYnQxggjCFYlHLkBBSnQx1viChrHELUIwCnQU4aiCx1DGLEoa2mQ2j+hCFZrELkmZmmQSMQiCpFJCLEpwfmQWOUhCtduDLU2OvmQyL5gCNH6FLkZm1mQjXuhChArALUPKWmQc9EhCd9ICLktzbmQJb3gCpvvDLEueKmQHalgCZ5g3KUhrVmQKcZgCh/05KkrHLmQktrfC98t5K0d++lQzMvgC9SH8KksdMmQUNShCZP67Kk8SZmQ0ighC1is5KkmZkmQBWJhChqR3K0a8imQy2RhCtcI1Kk78rmQNeFiCJxQ6K0w1vmQ6mMiChqx8KUNermQhAvhCxf69KU46dmQHSwiCBUKHLUDGvmQXzJiCt/MHL0J4/mQc57hCBE0FLkgrZmQEeZhCtpjCLUnh7mQdNyhCZ8qAL0ImGmQRbugC1T3AL0+qfmQ/rogCtAVFLkQFQmQRbTgCJT71K0HwTmQzWYfCF/T7K0lO3lQVMLfCdHD4KUL39lQf5kiCZEy9KUPQxmQ S_000002_000
L46lgCFX/FLUKcNnQAAEhCVOkELkEDcnQiWYgCFDyILUy2RnQ2O3fCJFOELE/pKnQBr0eClYAFLkVO8mQb8CeCNdjCLkoF1mQmZ+eCJbnALkYQsmQGEYdCNz8ALEQ1GnQb8KcC5kICLE7RPnQbnfeCd++9KEpwvmQ2jKdC9oQ+KUbn7mQ6mEcCdSM+KUwKtmQ03ffChpb8KERL8mQBrUfC9Tt5K01j+mQZQYeChqh4KUIw2mQ7RJgC12Z4K0kYKnQT3sgC99j5KU14TnQjXGhCdSM4KUGEenQuewgC9na8KE/pQnQCsSgCx0t9KUzMFnQ3WOfCJO5FLknzvmQTbOeCZ5QGLUVgDnQU+ZdCliFDLUGBqmQzhAeC1ftAL0opSnQmrVeCFbG9KUf+hmQSNFdCp5y8K0W8FnQvaWbCRYU/KELyymQUkFgCpMe2KUaNMnQJoIhCx5Z9KEhyWnQ4CWgC1gp/KUgUDnQ S_000002_000
LaR2bC13vBLUjXonQMIIdC5PlBLU0i0nQsH1aCFsyDLktztnQYlLbCtH1+KEBWpnQ6m8ZCx1T+KkpbenQDXnZCdoV7K0jCdnQnvnaC5Q75KkDtQnQSMoZClBx5Kk78xnQtdeYCNHK6KkoF/nQXP6aCtIb3K0kYanQoFxZCZP62KkZmpnQmupYChqB2KUbndnQNz0eC5QbyKE+T9nQSModCxfaxKkBB2nQ14ddCZ5wuKEaR4nQpbqcCBW5yK0xLtnQnv/cChqh1KkVOsnQwfKeClst2KEnEznQGZLfChrH1KUjX8nQNzIgCVj31KkArBoQW5IeCNzc5K0IbvnQY6+cCJb35K01jmnQLyOcCFYl3K0NJknQuY7bCF8y4K0ETOoQCxkcCJTA1KkTDToQDNAaCBgB/KkC3PnQY8NZCNmN/K0VCmnQY+vYClEI7K0S3VnQ36aaCZDR6KE/O6nQWC8aCdWA2KkdkPnQei9ZCRjp1K09M1nQ2j1XC9Mz2KUNvjnQwydfCJkKxKk9xBoQ11ocCFK6tKEpbznQCPLeCNhrtKU7v+nQYArcC1xo7KUIEinQ S_000002_000
LwKHSCJEotKEUNAkQwfiRC5P1rKkArQkQ7RpRClDdtKknvpjQcSsTCFDStKUO0AkQJbfUCtznuKkWkxjQEtwVCFX/sKUbnvjQsHdVCJxQqKkCXpjQMdzWCZk9tK025fjQU4CYCtyRtKEqGpjQgq5VClYwpKUgVUjQfUgWCdRWsKUhrLjQU4qXCpGvrK025/iQVjXTC5kYhKEZ76iQuzfUCJwqhK0eUGjQmZGVCFZ7jKkmZMjQzMbUCNJGmK0LdFjQSMQTCtzHmK0co5iQQgtSCNymjKEXP0iQXklRC5PVjKEQ1oiQCB2SClstoKEEY1iQKxwTC55LqKE8n+iQ03vUCRfvoKUxgIjQK+qUCZScwKEho2jQHUAUCh9tuKk++jjQs2+RC5s/nK0lEtjQKZGSCx14jKk0VujQkgNWCl/8sK03i9jQthsWCJK5vK0QydjQhglWCFkWoKUOaUjQN01VCNvPtKkzpCjQa8bYCV7nsKETmGjQMN8UChvAgKEDzKjQD3PRCxsihK0ZbliQXhGRCN06kKkg5jiQR8vTCxYJsKkyZ+iQ S_000002_000
L67PZChWUvKEtInjQ5QrYCNc9xKEBWhjQqGHaClD9uK0bS6jQBWBaC1NJuKE/pSjQ99DbCZPqvKErcIjQU4SbC9S3uKUwKxiQKc1bCRhLsKUktviQoaEaCxf6uKE8niiQ78VaCZ6mwKEQ1QiQ35TbCNc9qKkuJdiQMI4ZCFu+rKkpbciQBrUZCNHqrKEv0HiQFu+ZCBAghK0bSEiQtdeZCtI7jKUbn9hQKxgYC1h2jKECsuhQc94ZC9RRmKEqGFiQJb3aCJxAmKUJGUiQMdbbC5QrjK0isbiQR2+aCBrMhKUbnTiQSMYbCpa8eKECsYiQmuZcCdSMkKEW5qiQRLacCd8ymKkSMsiQZQgbCZlDoKUc9eiQhm5bClcZvKktSQjQOx0aCR9jxKkczIjQDR8bCRoGwKEdyqiQEBTZClhjvKEXyqiQvNybCFAirK0HNQiQzLWZCpDBrK00IniQuN3YCtf7pKkCIHiQX2mZChO4fKU3z9hQ1mHYCtbhlK0gZphQ5vMYCdlIiKUWDphQCLAdCx1ynK0Nx1iQ S_000002_000
LWOMZCFCcyKkDtGiQc9gYC9n6zK0KHYiQiBxZCFu+zKECs0hQBrMYC98NwK0Ib9hQ4P1WC1iMwKUwKDiQUN+VClu5wKkEDwhQQgtWC1NZwKkpbchQ4PtUCFuOvK0w1thQEtoTCZ7MwKEZ76hQiB5VCFX/uKkqxNhQ+TdUCVMYvKEmuVhQ/U7TCpZ2xKk9oOhQCsiVCls9lK0KHmgQ1NBVCtcYoKU14hgQmuJVCNHqqKEW5sgQGZ7VCd8SqKUdT+gQLHiWCRh7nKUFuEhQWOUWCNHqlK0is3gQ+T1WC13PjKU147gQfUQXCx1ToKEEYXhQT3EXCdR2qKEsybhQwfSWCtILsKEBWNhQKyrWCBCgxKUloOiQw+lWCRWauKk+YIiQ3lvVCJnzyKE0vwhQeD6UCh3XtKkLvxhQqj+VCdvvvK0QX/gQ6+4TCxv5tKUN0QhQWnUTClTjyKUonZhQRsdUCR5foKEf/UgQ3kpWCNgvhK00RygQ/WZXCNJ/iKE2iIhQpKeXCRZurKUVUohQ S_000002_000
LMdLTC5OfuKEEYPiQDXXUCpa8tKkX6ciQuz/RCNJ2vKU6mYiQ/puSChArrK0FZFiQPffRCtzXrKkBB6hQDCkRC5kIpKEShphQqx7SCxLtoK04lihQtdGRCR1YmKkuJxhQGZrPC5kImKkBBwhQjXKTCdS8lKUzMfhQDC0RCltjkK03PhhQShLRCV4akK0jCNhQ8nCWC1MDeKU0i2hQqxLVCxgQeK0FZlhQueEVCBBGcKEW5YhQzheUCRKcgKkX6ghQNzsUCdSciKEqGvhQLHiVCRhbiKU6mAiQmuRWCNJGgKU2OFiQWOEXCFuufKUMIUiQ2OfVClC3kK00NLiQ1NpUChqRmKUJGAiQMIIUCRK8kK0JxuhQgBSRCFZDtK0rsyhQ3xxQCJ49qKUtQEiQlvBRCpDppKkmBdhQ0wZRCdHHmKUG5/hQ7vgTCtcrlKE7sQhQsH8RC9ewiKkuHnhQKOsRCR0NjKkEwDhQ+2gWCdcWcKkEh4hQ55dUCp+HcKkkhMhQTllVCVneaK0CFchQboZUCVqHoKEAtDiQ S_000002_000
Lmu5OCx1zjK0Gv8hQ35bPC55rjKEQ1SiQZ7cNCBAQkKU5Q5hQIFWPCNyGhKEQ1whQwKvOCxgQgKUzMdhQNeBPC9mUdKkU4YhQNzcQCZm5cK0GvWhQ5lmOClsdbKEW5qhQ03PNCpasaKUgVohQcS0QClXaaK0z3fhQ/UjPCpZGZK01johQueEPCJEIXKUgVahQ3kYUCluJWKEnERiQf/kTCNJGVKERLCiQhArSCV3UWKk781hQ03nSCls9YK0HF6hQc9YTCFYVaKET3IiQcSUUCltzYKkR2UiQAAIVCNJ2ZK0isjiQcSETChqBdKULyIiQlYISC5lOdKUPK6hQPK0RCBq2aK04lwhQK6FPCZqVhKEaaRhQMNxNCpBigKEEIehQvblOC5WzcK0veLhQm2uOCVGYcKUQo4hQm1MRC9DSZKU/mUhQZbxPCBCUYKEGf2hQcOuPCptqVK0YiZhQwVqTCNcKTKU75/hQZxvVCF5rYKEngriQYSGVCFFxbKUPxmiQOtsRCVQ7eKE8c2hQ S_000002_000
LPKUMCpvfaKklD9hQJbnMCVO0cKUf/KiQnE7KCxeEaKEmu1hQwK3MCNy2XKk9oIiQpbqMCVOUVKklD/hQuznNCdnPTKU46HiQ2O/OC55LUKknvHiQShbNCJahSKU5QfiQO0SMCJb3QKUNehiQe+uPC99jSKk++ViQe+uOCpEDRKU46jiQXktOC99TOKkYQeiQjXqQC5OPUK00NjiQc9wRCJaBTKE7RtiQ149RCdRmQKUiBriQgVmSCR0iUKk8S5iQqGXSC12JXK0Of7iQXkNTCx1jYK0LdHjQuzPRCpacYKkQgxiQShbQChA7WK0fqliQlNzMCFPeVK0OlvhQzkvLCdxuUKkwxBiQg3kNCR2oRKEP++hQJEVNC9dKUKkMrniQ3+PQCVxRRKk8fNiQqDAPCBBQRKkh6yiQfC9OC1PPNK0+xqiQXsETCl6eaK0ZeJjQ7b+TCF1qXKEzOOjQRzFRC1eXaKUIQziQWRqPChswXKU7qeiQ S_000002_000
LjXyLC1i8PK04l4iQUNGMCFYFSKkYQIjQ9oYKCNdDPK0251iQ78tMCFZbNK0259iQaReMCNe5LKEueQjQbnvNCx1jKKUJGYjQzM7OC99zLKEnEPjQ2O/NCJv0KK025vjQYlLNCBVDJK0fq7jQZQAQCVOkLKEpwdjQXkdPCV3EKKk8SxjQgVuPCFsSHKU0iwjQSMgQCpbSOKUGEkjQkCnRCpbiOK0IbxjQAAQSC9nqMKE/p4jQEY9RCVMIRKkVO2jQyLVRC55bTK03PvjQEtwRCVjnVKkX60jQPKMQC56BTKEVjhjQlD1PChqhQKE/pcjQLNzLCZEiKKkMONjQrRIMC9vENKEzvbjQ29uNC56rIK0jhTjQYtzNCF1qMKkOU0jQEnuQCFIhKKEaUXjQdo4PCNi2KK0CA+jQNRsQCZIAHKEKixjQGCvSCJRXRKU3m/jQLTsPChUkUKku9bjQnRDPCJ7RQKURWTjQ S_000002_000
LLymMChqBKKkVOSkQFuWNC5QbMKUzMZkQEtILCRKMKK0HFQkQCB+MCdRmHKU14hkQhrPOCVOUGKkoFhkQsyRPCRKsHK0xLvkQIF2PCx09JKEaRkkQFDyOCZ78IKUy2DlQepjOCNz8GKkZmTlQ99jQCtxbLK0w1zkQoa8PCpEzKKkZmJlQ5Q7QCJGkJKU0iWlQJGsSCdolUKUGEElQTi5SCluJSKkpbMlQGZTSCdR2PKEEYHlQKxYRCBrMQKEpw3kQ99DRCV3kSK0fqtkQW5wRCtz3UKErc0kQYljRCR0SXKEUNskQNzEQCtxLSKErcekQlD1PCxKnPKUbnfkQsHlQCdTSOKU0iukQXhkOClGVGKk6SSkQ4jJOCJadEKUd2lkQe0/PCV2aGKEnYykQnK9NC5a8JKUe9AlQL7eRCN2wKKEZbzkQsOoPCpNdMKEURQlQUmDRC97oKK0sejlQT6kTCtcCSKEsuXlQPgESClA1YKU/dxkQ5+4QChtiXKEI4gkQwbKPCBitOK0loWkQ S_000002_000
LJGcNCpwVHKEmullQoFZMCRhLJKUktdlQWOENCB/pEKUy2tlQMIQOCpZ2IKEDC4lQuzXPCZljHK0FZBmQ46RQCJGkJK0eUMmQpbiQC9S3LKkAr+lQDXvPCNzsKKU2OhmQaR2QChVuKKEYlvmQsyZQCFZLOKkCXLmQDXPPCNzcNK057ZmQ/UDPCBqWPKkmZqmQe+eNCZljSKkVOSlQ6mUNChUIQKEaRclQSMQMCRhrOKksdWlQgqJOCtxLPKklDrlQ5QLPChU4QKEqGvlQzMbPC5PVTKk++llQXPiOCVOUUKkYQWlQUNmOCxLdWKkmZMlQZ7kQClsdUKkmZulQuz/QC1isSKUPK8lQoaMQC5leQK0Of9lQe23PCJnnGKEiM2lQljDPCl5PGKUW7LmQ91IRCl5sIK0YePmQhHAPCZ6kJKUNQmmQWtMRC9niOKkBDUmQuoaOClYTNK08gRmQh5YOCxGrQK0qtlmQ+L0MCFsETKkKiHlQSrFMCp17MKkvHdlQdqoLCBAXPKEElLlQLizRCZg7SKEl0EmQ S_000002_000
Lb8yQC9RBMK0d+GnQ3kYPCJxQMK025NnQ3kwRCRLiKK0yhUnQEYVRCFX/OKU3kCnQSMoSCZQgPK0FZ5mQEYFTChUYSKUiB9mQVjfSCtILUKk/UtmQIFuSCJEoTK0yhSnQyLtTCpbiVKktzXnQY62RCR0SWKUgV4mQy2ZRCNIAVKEnENnQ03/QCV46WKEaRcnQdoFQCxggeKUdTQmQ/ULRCNeJeKkvfcmQf/kRCtx7bKU0immQCBuQClX6ZKkoFjmQ35jPCtd+ZKUiBXmQbnPPCRhbcKUzMNmQFDKOCFDycKEtIBmQ5Q7OCxJhXKkrHXmQyLtPCdTCWKkoFjmQ5QzQCNyWXKEQ1qmQFulSCdrKPKEF9pmQRKSTCRxSOK0Z2/mQaxDUCZsdSKEEj7mQ2eqSC1lNSKkYXdnQFVeSCBDxXK0ej7mQS+rQCFzsTKE7oKnQPjJQC9atXK0dpXnQMfwRCVitfK09TemQNq+NCt8heKEco6lQWZiNCdxSbK0Uw+lQOThPC5sJUKESQmmQ S_000002_000
LMIAVC9owUK0FZlnQXPqUCZ5gSKEv0znQ9oIWCNzcUK0kYWnQsHNVC12ZXKEVjznQc9IUC9SXYKErcAoQOJuTC98NbK0co7nQ5l2UCVNucKEVjznQDXnSC13fbKEQ1qnQPfXRCVihcKEsyznQ8SfUCpvPeKUHahnQGEQTCx09cKknvXnQpwdSCVN+eK025NnQPfnVCBVTeKEpwRnQiWsVCNJWgKUdTCnQT30UCVjHiKkZmBnQe+uWCV3UgKUdT0mQpbqXCZmZeKE7R1mQO0qYCVNeeKUzMnmQ/pmXCNdTcKULyEnQBrkWCdoVcKkvfSnQzO1UCxziaKEK8gmQ4gbUCdtTYKEv7HoQPDXTChrMXK0uH/nQ3gZTCVDFcK0YXEoQCucSCxIwZK0XOknQtcRUCZXEgKkgAmnQLQjTCxUtbKkZuMnQ66YSCVRleK06l+mQbNXZCJtFdKkqinmQDktYCBF6fKUricmQSnSYCpD6aKEzVFnQLggWClL7aKE3SdnQ S_000002_000
L5lGVCZQwrKU6mYnQ1NhUCNJWpKUO0inQAAQUCBBmtK0z3LnQ/UTWCV4qqKkYQKnQTiJXCVNesKUwK/mQy2RYCB/5qKUzM1mQwf6YCd+OpKEtIFnQ46xXCViBpK0z3jmQ++hYC9TdpKkrHRmQyLNZCxgwmKESh7mQY6+XClYQmKkWktmQ+TNYCNIQkKkEDemQZQQXCpv/hKULy8nQ35rWCBr8jKUMIwnQHvcVCpvvkKE+T1nQCsSXCltDlKUKcfnQjXiYC1jCkKEXPcnQPKMZCdRGiKU46nnQsyhYCRh7gK0fq5nQT38YCRKMfK0d+CoQlDdaCxKnhKEYlfnQ8niaCd+OjKk8SPnQ8naZCxJxkKEaRMnQo1fXC1/ytKkGSJnQTNoWCFOZtKkOH0mQNHVYC1nVeK03G5mQbbnWCFdMeKEnOMnQMY8YCxbKsKEBjvmQA70WCheWpKUWahmQRhAaCB9zmKUJhymQtPPXCZpwlKku92mQMXjXCNP0iKU5CgmQjZuWCJGUhK0pZEoQrNAVCRiImKEl0snQ7M/UCVp8jKEYyAoQSNVbCxcWjKEEFGnQ S_000002_000
LsH9XCZ6WrK0Jx+lQQgNXCd9otK0NJImQf/EZCNJ2rKkqxvlQwf6WC1icpK0xLzlQJGkVCx1jpKET34lQoa0UCBrcnKU0islQfUQVC141kK0IbzlQf/UTCVNenK0JxwlQBrsSCNz8oKkvfglQ9oQUCtHFjKEDCslQx17SCtyhkKEv0vlQhADSCFX/jK0GvelQO0aSChWkZKkpbylQoFBSChrnbKkuJllQAAARCBBGbKUy2XlQZ7kSChqBeKET3klQCBmTCNIQeKU2OzlQ6mEUCh/UcKUzMBmQdodTCxgwZKE7RBmQSMwTCNdzXK04lMmQMIIVC5PVdKEEYNmQW5QVCd8yfKUFuGmQhrXUCpvfgKEW52lQquNVC9zVrK0Re1lQRveVCpCQpKU6SImQNDBVCtGqnKESRdlQ2SKTCpZQoK013+lQMpYUCpeyiKk0pclQPVkSC1T6jKkQg9lQD6cRCFzhlKkxyclQPH8RCNT3XKEgYxlQATrQC5xecK0/COlQs9kQCd4UZKkl5XlQHB8VCp2BhKkcZMmQ S_000002_000
LqGfSC14FsKk8SjlQwKfRCNH6sK0d+SlQlYQSCRhrsKkVO6lQU46TC9RRtKUO0clQx1DUCNy2vKEShTlQpb6UCVNuvKEEY/kQRLSUC9mUxKET3ukQgVWWCtduwKkYQClQtdWXCVjnuK0xLFlQCBOVCR0CzKUiBlkQ+TlWCRKsyKEmuvkQQ1gXCBAwxK01jgkQ8nqUC1411KEYllkQkC3UC9mk3KEDCUkQVjfVCltz2KUPKEkQmZWUC14F6KUFuUkQIwqTCZP66KU14lkQueMTClXa9K0islkQlDdTCRKM5K0253kQdo9TC9Tt2KEnE3kQl3eUCpYDxKk67dlQT+KTChNjwKkm7PlQYt9UCp52tKUOo6kQY2YWCBw6xKk2rOlQsDSVChdfyK0UBWkQxC2WCJdd0KUA/0kQkKDXCV6mwKkXNWkQiHsSChyF+K0X+xkQusWTCJNk+KkuRZkQP18SCZQz5KEOcElQUz0TC1jg1KU0QDlQ S_000002_000
LrcwXC5OPsK03P1kQTihYC5kYtKU5QjkQHaZYCtzHqKEaRClQ5lWWCV4KrKECsskQzMTWC1icpKkX6akQZQYWClYgmKUiBhkQ4PFVCxJRlKk78dkQx1TXCVO0kKUKcTkQ78lXC9TdiKUIwekQuzHVCZQgjKEaRMkQIwaWCZmJkKUxgAkQnv3WC573hKk/U1jQ35DRCpaMfKEDCmjQoaESCNJGeK03PxjQgVGTCx1TfKkR26jQ2jCTCR2+hK0NJ4jQWOESCR1YjKUf/sjQsyBRCd94hKkTijjQLHCQCRLCjKkpbYjQiWUSCNyGmKUHatjQhAbTCpETmKk9o4jQIw6TCZm5jKkTi/jQ5LDXC5b2pKU4VRkQKadVCNevpKUGOTkQ0XoWCxhXmKU+IwkQd8HYCdw1lKEQYQkQ2HJVCZ3ohKU2GRkQFGUWCpAslK0N72jQxUjWCB79hKUqhmjQOJDSCdJJcKELmyjQc/UPChC7hKUKISjQmmAQC1u+kKUxoWjQx/2TCNlAoK0Ix7jQ S_000002_000
Lnv/YC9RBiKUPKqkQRLiZC1icfKkYQikQb8yZC9ogkKUFuokQepjYCNymhKEueClQLHiZChV+gKkSMSlQtILZCNHaeKEv0dlQPK0XCJaheKEsyllQ46JZC1i8bKUktPlQIFeaCpv/aK0KHMlQDCMXCNIAcK0FZjlQjXSYCJGEaKUf/clQnE7YC1jCZK0LdvlQf/EWCNIQcK0LdTlQf/MVC5kIaK0eUQlQTiRVCxgAYKEsyZlQIFOUCNJmaKEBWBlQgqBUCZP6cKESh1kQzhGTCRLCdKkArokQaR+UChqBfKUep5kQ357VChrneKUMIIlQuhlZCdfciKUPhclQ80ZaCRtwgK0KNLlQC3xZCR6LeKEUBqlQSNuYCRpYcKUSGClQiSzWCZlbbK0RExlQy67XCpwlYKkiUUlQ3c4YC1MFXKUzHvlQB0lTClRIZK0hw+kQZ+5UCpjugKEs7xkQrkkWC5sEgKkTvKlQ S_000002_000
