SEQUENCE: gugugagagacuagacggcauaguccaagcauacZZwwwwwwwwwwwww
SCORE:     score     fa_atr     fa_rep    fa_intra_rep    lk_nonpolar    fa_elec_rna_phos_phos     mg_lig     mg_sol    hoh_ref    rna_torsion    suiteness_bonus    rna_sugar_close    fa_stack    stack_elec    geom_sol_fast    hbond_sr_bb_sc    hbond_lr_bb_sc    hbond_sc        ref    free_suite    free_2HOprime    intermol    other_pose    loop_close    linear_chainbreak    time    missing        rms    rms_fill description
REMARK BINARY SILENTFILE    FULL_MODEL_PARAMETERS  FULL_SEQUENCE gugugagagacuagacggcauaguccaagcauacZZwwwwwwwwwwwww  CONVENTIONAL_RES_CHAIN B:8-12,B:127-137,B:169-179,C:205-206,D:1-5,B:1-2,w:1001-1013  CUTPOINT_OPEN 5,16,27,29,34-49  DOCK_DOMAIN 1:1-36 2:37 3:38 4:39 5:40 6:41 7:42 8:43 9:44 10:45 11:46 12:47 13:48 14:49  EXTRA_MINIMIZE 31  FIXED_DOMAIN 1-28,30,34-36  INPUT_DOMAIN 1-28,30-31,34-36  SAMPLE 29,32-33,37-49  WORKING 1-49  RNA_TERMINAL 1,5-6,16-17,27,30  RNA_BLOCK_STACK_ABOVE 5,16,27  RNA_BLOCK_STACK_BELOW 1,6,17,30
SCORE:  1344.364    -83.274   1241.148           1.104          7.459                    9.712    -33.732      3.275      4.000         93.011              0.000             10.012     -65.649        -2.978           35.718            -5.279             0.000     -34.718    123.080         0.000            0.000      41.400         0.000         0.000                0.074 16319.260          1      0.712       0.712    S_000002_007
RES_NUM B:8-12 B:127-137 B:169-179 C:205-206 D:1-5 B:1-2 w:1001-1012 S_000002_007
FOLD_TREE  EDGE 1 3 -1  EDGE 3 5 -1  JEDGE 3 34 4 C4 C2  INTRA_RES_STUB  JEDGE 1 30 5 C4 C2  INTRA_RES_STUB  JEDGE 5 36 7 C4 MG  INTRA_RES_STUB  JEDGE 36 43 14 MG O  INTRA_RES_STUB  JEDGE 36 44 15 MG O  INTRA_RES_STUB  JEDGE 36 45 16 MG O  INTRA_RES_STUB  JEDGE 36 46 17 MG O  INTRA_RES_STUB  JEDGE 36 47 18 MG O  INTRA_RES_STUB  JEDGE 36 48 19 MG O  INTRA_RES_STUB  EDGE 30 31 -1  JEDGE 36 17 3 MG C4  INTRA_RES_STUB  EDGE 17 22 -1  EDGE 22 27 -1  JEDGE 17 6 1 C4 C4  INTRA_RES_STUB  JEDGE 22 35 2 C4 MG  INTRA_RES_STUB  JEDGE 6 28 6 C4 C4  INTRA_RES_STUB  JEDGE 35 37 8 MG O  INTRA_RES_STUB  JEDGE 35 38 9 MG O  INTRA_RES_STUB  JEDGE 35 39 10 MG O  INTRA_RES_STUB  JEDGE 35 40 11 MG O  INTRA_RES_STUB  JEDGE 35 41 12 MG O  INTRA_RES_STUB  JEDGE 35 42 13 MG O  INTRA_RES_STUB  EDGE 6 16 -1  EDGE 28 29 -1  EDGE 34 32 -1  S_000002_007
RT 0.303181 -0.0618028 0.950927 -0.425812 -0.901515 0.0771689 0.852505 -0.428313 -0.299638 -10.2616 9.51442 11.2132   S_000002_007
RT 0.153228 0.988176 0.00542685 -0.216744 0.0389656 -0.97545 -0.964128 0.14829 0.220152 -7.3391 -10.1896 3.34368   S_000002_007
RT 0.419575 0.891617 -0.170224 0.87899 -0.352279 0.321365 0.226568 -0.284462 -0.93153 -0.283003 11.1379 7.53321   S_000002_007
RT -0.640913 -0.717853 0.271879 -0.751054 0.659608 -0.0289026 -0.158586 -0.22272 -0.961897 0.12695 -1.00198 6.75575   S_000002_007
RT 0.828156 0.4533 -0.329661 0.455718 -0.886975 -0.0748035 -0.32631 -0.0882837 -0.941131 2.5143 -10.6731 -9.70851   S_000002_007
RT 0.778711 -0.627378 -0.00245707 -0.61736 -0.766962 0.175031 -0.111695 -0.134781 -0.98456 2.1962 9.6686 -8.26823   S_000002_007
RT -0.853147 0.475125 0.215398 0.161046 0.63261 -0.757541 -0.496189 -0.611606 -0.616226 -3.46902 7.85576 11.4355   S_000002_007
RT 0.612079 -0.790796 -1.77913e-14 0.790796 0.612079 9.97813e-15 3.05311e-15 -2.01783e-14 1 -2.1 7.88258e-15 -7.04992e-15   S_000002_007
RT 7.04992e-15 3.91354e-15 1 -0.612079 0.790796 1.33227e-15 -0.790796 -0.612079 7.93809e-15 6.43929e-15 2.1 -1.23512e-14   S_000002_007
RT 0.697657 0.704347 -0.131034 0.565175 -0.42868 0.704847 0.440286 -0.565799 -0.697151 4.94049e-15 2.498e-15 -2.1   S_000002_007
RT -0.439607 0.636755 -0.633474 -0.272039 0.57776 0.769538 0.856003 0.510624 -0.0807648 2.1 -1.12133e-14 2.07057e-14   S_000002_007
RT 0.723807 0.391336 0.568295 0.519946 -0.850779 -0.0763693 0.453608 0.350759 -0.819273 -1.17684e-14 -2.1 2.32037e-14   S_000002_007
RT -0.790796 -0.612079 4.94049e-15 6.77236e-15 -8.32667e-16 1 -0.612079 0.790796 4.84335e-15 -7.88258e-15 -1.16851e-14 2.1   S_000002_007
RT 0.612079 -0.790796 4.4964e-15 0.790796 0.612079 -8.38218e-15 3.94129e-15 8.63198e-15 1 -2.1 1.6126e-14 -1.36002e-15   S_000002_007
RT -5.41234e-15 4.92661e-15 1 -0.612079 0.790796 -7.18869e-15 -0.790796 -0.612079 -1.249e-15 2.35367e-14 2.1 1.63203e-14   S_000002_007
RT 0.790796 0.612079 9.5271e-15 -2.09277e-14 1.14353e-14 1 0.612079 -0.790796 2.18159e-14 3.02536e-15 7.88258e-15 -2.1   S_000002_007
RT -0.612079 0.790796 -3.60822e-16 -0.790796 -0.612079 -1.2268e-14 -9.99201e-15 -7.16094e-15 1 2.1 -1.70558e-14 -7.21645e-15   S_000002_007
RT 4.73233e-15 -3.94042e-15 1 0.612079 -0.790796 -6.05765e-15 0.790796 0.612079 -1.26288e-15 -1.0103e-14 -2.1 -1.90958e-14   S_000002_007
RT 0.779582 0.620049 0.0882668 0.327587 -0.283574 -0.901262 -0.533796 0.731523 -0.424189 1.04083e-14 -1.86517e-14 2.1   S_000002_007
ANNOTATED_SEQUENCE: g[RGU:Virtual_Phosphate:BlockStackBelow]ugug[RGU:BlockStackAbove]a[RAD:Virtual_Phosphate:BlockStackBelow]gagacuagac[RCY:BlockStackAbove]g[RGU:Virtual_Phosphate:BlockStackBelow]gcauagucca[RAD:BlockStackAbove]a[RAD:Virtual_Phosphate]gc[RCY:Virtual_Phosphate:BlockStackBelow]a[RAD:rna_cutpoint_lower]u[URA:rna_cutpoint_upper]acZ[MG]Z[MG]w[HOH:VirtualWater]w[HOH:VirtualWater]wwww[HOH:VirtualWater]w[HOH:VirtualWater]w[HOH:VirtualWater]w[HOH:VirtualWater]w[HOH:VirtualWater]w[HOH:VirtualWater]w S_000002_007
LShDnCZ5AzK03PnnQYlnmChrnwKE99lnQlYMnChVO0KkmZ8nQZQwmCxgQ1K0coXnQx1DnC9m03K0bSWnQWOAnCFu+4K057/mQ/U/mCR142K0z3vmQhAXmCBAg6KEEY7mQCsWmCltD9K0xLFnQ/UnmC1Mz3Kk78dmQMIYmCR1o6KEnEjmQNz0mCJvk8KET3amQDCckC13P2KkAr0lQ5l2kCFCc4KE8n0lQDXrkCNIg6KkSMolQIFalC1hm4K0NJAmQamhlCJEY2KEAAMmQoFJlC14F0KkoFNmQtIjkCRK8zKkDtAmQyLJkCtHFyKUbn/lQJbblCNIQyK0d+amQ469lCRKczKU14hmQ67DmCZ781KkQgZmQJJinC9Oq3K0+FanQ101mCFHC5KkQcgnQLbgmCpcwxK0u+slQG62lCFvjzK0JSXlQYNZnClWH6K0eL9mQ9p+lCxzc5KkdiAnQzg6mCxM23KURjRmQHe7lCxf66KUaFdmQNt0mCB3I+K0/TkmQOaCkCVYU2K0nprlQtU9kCF9G8KEEtnlQ+NRkCRba6KEjkflQd0RmCZynyK0JFsmQ S_000002_007
LY6ylCNep9KkU4WnQv0llChWE7KECsgnQuzDmCNdz/KULyknQqxLlCNIw+KEQ1InQueMlClDdBLERLCnQPf3kC9S3BL04lsmQsy9kCRgl/KUIwemQqGHkC5kICLkrHtmQOJ6jCxfqELkDt0mQCBakCJbX/KkR2QmQYl7jCtIrBLknvVmQgVCkCd94DLkEDImQoFFkCd+u8K0JxUmQMIgjCNdD8KkZmJmQIwOjCR2e9KEXP8lQ99PjChWk5KkR2OmQfUgjClYw3K0fqdmQXPOjCBqm1KU0igmQFuGkC9Sn4K01jomQnEXkCxJB7KEv0jmQHRqlC9mDCL0DQBnQoW9kCl/iCLU3wMnQyYElCZUbDL00rlmQeI7jCNruALEtQ2mQzSjkClGf/K0E5BmQBDejCp+CBLUxLUmQGi7jCBeiFLUN1PmQw91iC9rA5KE+THmQwWUkCxtc3Kk2KzmQ/ExkCp/k7KktUrmQ S_000002_007
LDXfjCZ5wELksdKnQXPujClBhCLEaRYnQxggjCFYlHLkBBSnQx1viChrHELUIwCnQU4aiCx1DGLEoa2mQ2j+hCFZrELkmZmmQSMQiCpFJCLEpwfmQWOUhCtduDLU2OvmQyL5gCNH6FLkZm1mQjXuhChArALUPKWmQc9EhCd9ICLktzbmQJb3gCpvvDLEueKmQHalgCZ5g3KUhrVmQKcZgCh/05KkrHLmQktrfC98t5K0d++lQzMvgC9SH8KksdMmQUNShCZP67Kk8SZmQ0ighC1is5KkmZkmQBWJhChqR3K0a8imQy2RhCtcI1Kk78rmQNeFiCJxQ6K0w1vmQ6mMiChqx8KUNermQhAvhCxf69KU46dmQHSwiCBUKHLUDGvmQXzJiCt/MHL0J4/mQc57hCBE0FLkgrZmQEeZhCtpjCLUnh7mQdNyhCZ8qAL0ImGmQRbugC1T3AL0+qfmQHmpgC1AXFL0xFQmQRbTgCJT71K0HwTmQzWYfCF/T7K0lO3lQVMLfCdHD4KUL39lQf5kiCZEy9KUPQxmQ S_000002_007
L46lgCFX/FLUKcNnQAAEhCVOkELkEDcnQiWYgCFDyILUy2RnQ2O3fCJFOELE/pKnQBr0eClYAFLkVO8mQb8CeCNdjCLkoF1mQmZ+eCJbnALkYQsmQGEYdCNz8ALEQ1GnQb8KcC5kICLE7RPnQbnfeCd++9KEpwvmQ2jKdC9oQ+KUbn7mQ6mEcCdSM+KUwKtmQ03ffChpb8KERL8mQBrUfC9Tt5K01j+mQZQYeChqh4KUIw2mQ7RJgC12Z4K0kYKnQT3sgC99j5KU14TnQjXGhCdSM4KUGEenQuewgC9na8KE/pQnQCsSgCx0t9KUzMFnQ3WOfCJO5FLknzvmQTbOeCZ5QGLUVgDnQU+ZdCliFDLUGBqmQzhAeC1ftAL0opSnQmrVeCFbG9KUf+hmQSNFdCp5y8K0W8FnQvaWbCRYU/KELyymQUkFgCpMe2KUaNMnQJoIhCx5Z9KEhyWnQ4CWgC1gp/KUgUDnQ S_000002_007
LaR2bC13vBLUjXonQMIIdC5PlBLU0i0nQsH1aCFsyDLktztnQYlLbCtH1+KEBWpnQ6m8ZCx1T+KkpbenQDXnZCdoV7K0jCdnQnvnaC5Q75KkDtQnQSMoZClBx5Kk78xnQtdeYCNHK6KkoF/nQXP6aCtIb3K0kYanQoFxZCZP62KkZmpnQmupYChqB2KUbndnQNz0eC5QbyKE+T9nQSModCxfaxKkBB2nQ14ddCZ5wuKEaR4nQpbqcCBW5yK0xLtnQnv/cChqh1KkVOsnQwfKeClst2KEnEznQGZLfChrH1KUjX8nQNzIgCVj31KkArBoQW5IeCNzc5K0IbvnQY6+cCJb35K01jmnQLyOcCFYl3K0NJknQuY7bCF8y4K0ETOoQCxkcCJTA1KkTDToQDNAaCBgB/KkC3PnQY8NZCNmN/K0VCmnQY+vYClEI7K0S3VnQ36aaCZDR6KE/O6nQWC8aCdWA2KkdkPnQei9ZCRjp1K09M1nQ2j1XC9Mz2KUNvjnQwydfCJkKxKk9xBoQ11ocCFK6tKEpbznQCPLeCNhrtKU7v+nQYArcC1xo7KUIEinQ S_000002_007
LwKHSCJEotKEUNAkQwfiRC5P1rKkArQkQ7RpRClDdtKknvpjQcSsTCFDStKUO0AkQJbfUCtznuKkWkxjQEtwVCFX/sKUbnvjQsHdVCJxQqKkCXpjQMdzWCZk9tK025fjQU4CYCtyRtKEqGpjQgq5VClYwpKUgVUjQfUgWCdRWsKUhrLjQU4qXCpGvrK025/iQVjXTC5kYhKEZ76iQuzfUCJwqhK0eUGjQmZGVCFZ7jKkmZMjQzMbUCNJGmK0LdFjQSMQTCtzHmK0co5iQQgtSCNymjKEXP0iQXklRC5PVjKEQ1oiQCB2SClstoKEEY1iQKxwTC55LqKE8n+iQ03vUCRfvoKUxgIjQK+qUCZScwKEho2jQHUAUCh9tuKk++jjQs2+RC5s/nK0lEtjQKZGSCx14jKk0VujQkgNWCl/8sK03i9jQthsWCJK5vK0QydjQhglWCFkWoKUOaUjQN01VCNvPtKkzpCjQa8bYCV7nsKUTmGjQMN8UChvAgKEDzKjQD3PRCxsihK0ZbliQXhGRCN06kKkg5jiQR8vTCxYJsKkyZ+iQ S_000002_007
L67PZChWUvKEtInjQ5QrYCNc9xKEBWhjQqGHaClD9uK0bS6jQBWBaC1NJuKE/pSjQ99DbCZPqvKErcIjQU4SbC9S3uKUwKxiQKc1bCRhLsKUktviQoaEaCxf6uKE8niiQ78VaCZ6mwKEQ1QiQ35TbCNc9qKkuJdiQMI4ZCFu+rKkpbciQBrUZCNHqrKEv0HiQFu+ZCBAghK0bSEiQtdeZCtI7jKUbn9hQKxgYC1h2jKECsuhQc94ZC9RRmKEqGFiQJb3aCJxAmKUJGUiQMdbbC5QrjK0isbiQR2+aCBrMhKUbnTiQSMYbCpa8eKECsYiQmuZcCdSMkKEW5qiQRLacCd8ymKkSMsiQZQgbCZlDoKUc9eiQhm5bClcZvKktSQjQOx0aCR9jxKkczIjQDR8bCRoGwKEdyqiQEBTZClhjvKEXyqiQvNybCFAirK0HNQiQzLWZCpDBrK00IniQXW4YCF2UtKE4mDiQX2mZChO4fKU3z9hQ1mHYCtbhlK0gZphQ5vMYCdlIiKUWDphQCLAdCx1ynK0Nx1iQ S_000002_007
LWOMZCFCcyKkDtGiQc9gYC9n6zK0KHYiQiBxZCFu+zKECs0hQBrMYC98NwK0Ib9hQ4P1WC1iMwKUwKDiQUN+VClu5wKkEDwhQQgtWC1NZwKkpbchQ4PtUCFuOvK0w1thQEtoTCZ7MwKEZ76hQiB5VCFX/uKkqxNhQ+TdUCVMYvKEmuVhQ/U7TCpZ2xKk9oOhQCsiVCls9lK0KHmgQ1NBVCtcYoKU14hgQmuJVCNHqqKEW5sgQGZ7VCd8SqKUdT+gQLHiWCRh7nKUFuEhQWOUWCNHqlK0is3gQ+T1WC13PjKU147gQfUQXCx1ToKEEYXhQT3EXCdR2qKEsybhQwfSWCtILsKEBWNhQKyrWCBCgxKUloOiQw+lWCRWauKk+YIiQ3lvVCJnzyKE0vwhQeD6UCh3XtKkLvxhQqj+VCdvvvK0QX/gQ6+4TCxv5tKUN0QhQRvTTCVMiyKUlfZhQRsdUCR5foKEf/UgQ3kpWCNgvhK00RygQ/WZXCNJ/iKE2iIhQpKeXCRZurKUVUohQ S_000002_007
LMdLTC5OfuKEEYPiQDXXUCpa8tKkX6ciQuz/RCNJ2vKU6mYiQ/puSChArrK0FZFiQPffRCtzXrKkBB6hQDCkRC5kIpKEShphQqx7SCxLtoK04lihQtdGRCR1YmKkuJxhQGZrPC5kImKkBBwhQjXKTCdS8lKUzMfhQDC0RCltjkK03PhhQShLRCV4akK0jCNhQ8nCWC1MDeKU0i2hQqxLVCxgQeK0FZlhQueEVCBBGcKEW5YhQzheUCRKcgKkX6ghQNzsUCdSciKEqGvhQLHiVCRhbiKU6mAiQmuRWCNJGgKU2OFiQWOEXCFuufKUMIUiQ2OfVClC3kK00NLiQ1NpUChqRmKUJGAiQMIIUCRK8kK0JxuhQgBSRCFZDtK0rsyhQ3xxQCJ49qKUtQEiQlvBRCpDppKkmBdhQ0wZRCdHHmKUG5/hQ7vgTCtcrlKE7sQhQsH8RC9ewiKkuHnhQUQsRCV6NjK0wvDhQ+2gWCdcWcKkEh4hQ55dUCp+HcKkkhMhQTllVCVneaK0CFchQboZUCVqHoKEAtDiQ S_000002_007
Lmu5OCx1zjK0Gv8hQ35bPC55rjKEQ1SiQZ7cNCBAQkKU5Q5hQIFWPCNyGhKEQ1whQwKvOCxgQgKUzMdhQNeBPC9mUdKkU4YhQNzcQCZm5cK0GvWhQ5lmOClsdbKEW5qhQ03PNCpasaKUgVohQcS0QClXaaK0z3fhQ/UjPCpZGZK01johQueEPCJEIXKUgVahQ3kYUCluJWKEnERiQf/kTCNJGVKERLCiQhArSCV3UWKk781hQ03nSCls9YK0HF6hQc9YTCFYVaKET3IiQcSUUCltzYKkR2UiQAAIVCNJ2ZK0isjiQcSETChqBdKULyIiQlYISC5lOdKUPK6hQPK0RCBq2aK04lwhQK6FPCZqVhKEaaRhQMNxNCpBigKEEIehQvblOC5WzcK0veLhQm2uOCVGYcKUQo4hQm1MRC9DSZKU/mUhQZbxPCBCUYKEGf2hQkOuPC1tqVKkViZhQwVqTCNcKTKU75/hQZxvVCF5rYKEngriQYSGVCFFxbKUPxmiQOtsRCVQ7eKE8c2hQ S_000002_007
LPKUMCpvfaKklD9hQJbnMCVO0cKUf/KiQnE7KCxeEaKEmu1hQwK3MCNy2XKk9oIiQpbqMCVOUVKklD/hQuznNCdnPTKU46HiQ2O/OC55LUKknvHiQShbNCJahSKU5QfiQO0SMCJb3QKUNehiQe+uPC99jSKk++ViQe+uOCpEDRKU46jiQXktOC99TOKkYQeiQjXqQC5OPUK00NjiQc9wRCJaBTKE7RtiQ149RCdRmQKUiBriQgVmSCR0iUKk8S5iQqGXSC12JXK0Of7iQXkNTCx1jYK0LdHjQuzPRCpacYKkQgxiQShbQChA7WK0fqliQlNzMCFPeVK0OlvhQzkvLCdxuUKkwxBiQg3kNCR2oRKEP++hQJEVNC9dKUKkMrniQ3+PQCVxRRKk8fNiQqDAPCBBQRKkh6yiQWdvOCpmONKkYTriQXsETCl6eaK0ZeJjQ7b+TCF1qXKEzOOjQRzFRC1eXaKUIQziQWRqPChswXKU7qeiQ S_000002_007
LjXyLC1i8PK04l4iQUNGMCFYFSKkYQIjQ9oYKCNdDPK0251iQ78tMCFZbNK0259iQaReMCNe5LKEueQjQbnvNCx1jKKUJGYjQzM7OC99zLKEnEPjQ2O/NCJv0KK025vjQYlLNCBVDJK0fq7jQZQAQCVOkLKEpwdjQXkdPCV3EKKk8SxjQgVuPCFsSHKU0iwjQSMgQCpbSOKUGEkjQkCnRCpbiOK0IbxjQAAQSC9nqMKE/p4jQEY9RCVMIRKkVO2jQyLVRC55bTK03PvjQEtwRCVjnVKkX60jQPKMQC56BTKEVjhjQlD1PChqhQKE/pcjQLNzLCZEiKKkMONjQrRIMC9vENKEzvbjQ29uNC56rIK0jhTjQYtzNCF1qMKkOU0jQEnuQCFIhKKEaUXjQdo4PCNi2KK0CA+jQdQsQCZHAHK0ukxjQGCvSCJRXRKU3m/jQLTsPChUkUKku9bjQnRDPCJ7RQKURWTjQ S_000002_007
LLymMChqBKKkVOSkQFuWNC5QbMKUzMZkQEtILCRKMKK0HFQkQCB+MCdRmHKU14hkQhrPOCVOUGKkoFhkQsyRPCRKsHK0xLvkQIF2PCx09JKEaRkkQFDyOCZ78IKUy2DlQepjOCNz8GKkZmTlQ99jQCtxbLK0w1zkQoa8PCpEzKKkZmJlQ5Q7QCJGkJKU0iWlQJGsSCdolUKUGEElQTi5SCluJSKkpbMlQGZTSCdR2PKEEYHlQKxYRCBrMQKEpw3kQ99DRCV3kSK0fqtkQW5wRCtz3UKErc0kQYljRCR0SXKEUNskQNzEQCtxLSKErcekQlD1PCxKnPKUbnfkQsHlQCdTSOKU0iukQXhkOClGVGKk6SSkQ4jJOCJadEKUd2lkQe0/PCV2aGKEnYykQnK9NC5a8JKUe9AlQL7eRCN2wKKEZbzkQsOoPCpNdMKEURQlQyQ7QCJuaKK03pklQT6kTCtcCSKEsuXlQPgESClA1YKU/dxkQ5+4QChtiXKEI4gkQwbKPCBitOK0loWkQ S_000002_007
LJGcNCpwVHKEmullQoFZMCRhLJKUktdlQWOENCB/pEKUy2tlQMIQOCpZ2IKEDC4lQuzXPCZljHK0FZBmQ46RQCJGkJK0eUMmQpbiQC9S3LKkAr+lQDXvPCNzsKKU2OhmQaR2QChVuKKEYlvmQsyZQCFZLOKkCXLmQDXPPCNzcNK057ZmQ/UDPCBqWPKkmZqmQe+eNCZljSKkVOSlQ6mUNChUIQKEaRclQSMQMCRhrOKksdWlQgqJOCtxLPKklDrlQ5QLPChU4QKEqGvlQzMbPC5PVTKk++llQXPiOCVOUUKkYQWlQUNmOCxLdWKkmZMlQZ7kQClsdUKkmZulQuz/QC1isSKUPK8lQoaMQC5leQK0Of9lQe23PCJnnGKEiM2lQljDPCl5PGKUW7LmQ91IRCl5sIK0YePmQhHAPCZ6kJKUNQmmQWtMRC9niOKkBDUmQuoaOClYTNK08gRmQviZOCdFsQKkTolmQ+L0MCFsETKkKiHlQSrFMCp17MKkvHdlQdqoLCBAXPKEElLlQLizRCZg7SKEl0EmQ S_000002_007
Lb8yQC9RBMK0d+GnQ3kYPCJxQMK025NnQ3kwRCRLiKK0yhUnQEYVRCFX/OKU3kCnQSMoSCZQgPK0FZ5mQEYFTChUYSKUiB9mQVjfSCtILUKk/UtmQIFuSCJEoTK0yhSnQyLtTCpbiVKktzXnQY62RCR0SWKUgV4mQy2ZRCNIAVKEnENnQ03/QCV46WKEaRcnQdoFQCxggeKUdTQmQ/ULRCNeJeKkvfcmQf/kRCtx7bKU0immQCBuQClX6ZKkoFjmQ35jPCtd+ZKUiBXmQbnPPCRhbcKUzMNmQFDKOCFDycKEtIBmQ5Q7OCxJhXKkrHXmQyLtPCdTCWKkoFjmQ5QzQCNyWXKEQ1qmQFulSCdrKPKEF9pmQRKSTCRxSOK0Z2/mQaxDUCZsdSKEEj7mQ2eqSC1lNSKkYXdnQFVeSCBDxXK0ej7mQS+rQCFzsTKE7oKnQKjJQCtatXKEfpXnQMfwRCVitfK09TemQNq+NCt8heKEco6lQWZiNCdxSbK0Uw+lQOThPC5sJUKESQmmQ S_000002_007
LMIAVC9owUK0FZlnQXPqUCZ5gSKEv0znQ9oIWCNzcUK0kYWnQsHNVC12ZXKEVjznQc9IUC9SXYKErcAoQOJuTC98NbK0co7nQ5l2UCVNucKEVjznQDXnSC13fbKEQ1qnQPfXRCVihcKEsyznQ8SfUCpvPeKUHahnQGEQTCx09cKknvXnQpwdSCVN+eK025NnQPfnVCBVTeKEpwRnQiWsVCNJWgKUdTCnQT30UCVjHiKkZmBnQe+uWCV3UgKUdT0mQpbqXCZmZeKE7R1mQO0qYCVNeeKUzMnmQ/pmXCNdTcKULyEnQBrkWCdoVcKkvfSnQzO1UCxziaKEK8gmQ4gbUCdtTYKEv7HoQPDXTChrMXK0uH/nQ3gZTCVDFcK0YXEoQCucSCxIwZK0XOknQtcRUCZXEgKkgAmnQLQjTCxUtbKkZuMnQsHGSCtQReKUShAnQbNXZCJtFdKkqinmQDktYCBF6fKUricmQSnSYCpD6aKEzVFnQLggWClL7aKE3SdnQ S_000002_007
L5lGVCZQwrKU6mYnQ1NhUCNJWpKUO0inQAAQUCBBmtK0z3LnQ/UTWCV4qqKkYQKnQTiJXCVNesKUwK/mQy2RYCB/5qKUzM1mQwf6YCd+OpKEtIFnQ46xXCViBpK0z3jmQ++hYC9TdpKkrHRmQyLNZCxgwmKESh7mQY6+XClYQmKkWktmQ+TNYCNIQkKkEDemQZQQXCpv/hKULy8nQ35rWCBr8jKUMIwnQHvcVCpvvkKE+T1nQCsSXCltDlKUKcfnQjXiYC1jCkKEXPcnQPKMZCdRGiKU46nnQsyhYCRh7gK0fq5nQT38YCRKMfK0d+CoQlDdaCxKnhKEYlfnQ8niaCd+OjKk8SPnQ8naZCxJxkKEaRMnQo1fXC1/ytKkGSJnQTNoWCFOZtKkOH0mQNHVYC1nVeK03G5mQbbnWCFdMeKEnOMnQMY8YCxbKsKEBjvmQA70WCheWpKUWahmQRhAaCB9zmKUJhymQtPPXCZpwlKku92mQZ8nXChUuiKEzEhmQjZuWCJGUhK0pZEoQrNAVCRiImKEl0snQ7M/UCVp8jKEYyAoQSNVbCxcWjKEEFGnQ S_000002_007
LsH9XCZ6WrK0Jx+lQQgNXCd9otK0NJImQf/EZCNJ2rKkqxvlQwf6WC1icpK0xLzlQJGkVCx1jpKET34lQoa0UCBrcnKU0islQfUQVC141kK0IbzlQf/UTCVNenK0JxwlQBrsSCNz8oKkvfglQ9oQUCtHFjKEDCslQx17SCtyhkKEv0vlQhADSCFX/jK0GvelQO0aSChWkZKkpbylQoFBSChrnbKkuJllQAAARCBBGbKUy2XlQZ7kSChqBeKET3klQCBmTCNIQeKU2OzlQ6mEUCh/UcKUzMBmQdodTCxgwZKE7RBmQSMwTCNdzXK04lMmQMIIVC5PVdKEEYNmQW5QVCd8yfKUFuGmQhrXUCpvfgKEW52lQquNVC9zVrK0Re1lQRveVCpCQpKU6SImQNDBVCtGqnKESRdlQ2SKTCpZQoK013+lQMpYUCpeyiKk0pclQPVkSC1T6jKkQg9lQV9bRCVlglKE2BdlQPH8RCNT3XKEgYxlQATrQC5xecK0/COlQs9kQCd4UZKkl5XlQHB8VCp2BhKkcZMmQ S_000002_007
LqGfSC14FsKk8SjlQwKfRCNH6sK0d+SlQlYQSCRhrsKkVO6lQU46TC9RRtKUO0clQx1DUCNy2vKEShTlQpb6UCVNuvKEEY/kQRLSUC9mUxKET3ukQgVWWCtduwKkYQClQtdWXCVjnuK0xLFlQCBOVCR0CzKUiBlkQ+TlWCRKsyKEmuvkQQ1gXCBAwxK01jgkQ8nqUC1411KEYllkQkC3UC9mk3KEDCUkQVjfVCltz2KUPKEkQmZWUC14F6KUFuUkQIwqTCZP66KU14lkQueMTClXa9K0islkQlDdTCRKM5K0253kQdo9TC9Tt2KEnE3kQl3eUCpYDxKk67dlQT+KTChNjwKkm7PlQYt9UCp52tKUOo6kQY2YWCBw6xKk2rOlQsDSVChdfyK0UBWkQxC2WCJdd0KUA/0kQkKDXCV6mwKkXNWkQiHsSChyF+K0X+xkQusWTCJNk+KkuRZkQP18SCZQz5KEOcElQUz0TC1jg1KU0QDlQ S_000002_007
LrcwXC5OPsK03P1kQTihYC5kYtKU5QjkQHaZYCtzHqKEaRClQ5lWWCV4KrKECsskQzMTWC1icpKkX6akQZQYWClYgmKUiBhkQ4PFVCxJRlKk78dkQx1TXCVO0kKUKcTkQ78lXC9TdiKUIwekQuzHVCZQgjKEaRMkQIwaWCZmJkKUxgAkQnv3WC573hKk/U1jQ35DRCpaMfKEDCmjQoaESCNJGeK03PxjQgVGTCx1TfKkR26jQ2jCTCR2+hK0NJ4jQWOESCR1YjKUf/sjQsyBRCd94hKkTijjQLHCQCRLCjKkpbYjQiWUSCNyGmKUHatjQhAbTCpETmKk9o4jQIw6TCZm5jKkTi/jQ5LDXC5b2pKU4VRkQKadVCNevpKUGOTkQ0XoWCxhXmKU+IwkQd8HYCdw1lKEQYQkQ2HJVCZ3ohKU2GRkQFGUWCpAslK0N72jQsAgWCd15hK0h0mjQOJDSCdJJcKELmyjQc/UPChC7hKUKISjQmmAQC1u+kKUxoWjQx/2TCNlAoK0Ix7jQ S_000002_007
Lnv/YC9RBiKUPKqkQRLiZC1icfKkYQikQb8yZC9ogkKUFuokQepjYCNymhKEueClQLHiZChV+gKkSMSlQtILZCNHaeKEv0dlQPK0XCJaheKEsyllQ46JZC1i8bKUktPlQIFeaCpv/aK0KHMlQDCMXCNIAcK0FZjlQjXSYCJGEaKUf/clQnE7YC1jCZK0LdvlQf/EWCNIQcK0LdTlQf/MVC5kIaK0eUQlQTiRVCxgAYKEsyZlQIFOUCNJmaKEBWBlQgqBUCZP6cKESh1kQzhGTCRLCdKkArokQaR+UChqBfKUep5kQ357VChrneKUMIIlQuhlZCdfciKUPhclQ80ZaCRtwgK0KNLlQC3xZCR6LeKEUBqlQSNuYCRpYcKUSGClQiSzWCZlbbK0RExlQy67XCpwlYKkiUUlQPEEZC5NHXKkiotlQB0lTClRIZK0hw+kQZ+5UCpjugKEs7xkQrkkWC5sEgKkTvKlQ S_000002_007
LCB2aClYwZKk/U1kQSMwZCpbSaKUy2lkQyLNcC55raKUMIwkQJb3aC1hmWKkED6kQueEbCZQgVK0a8OlQzMTaClu5SK0w1RlQc94YCB/ZTK0OfVlQEYVaCd8CRKU3k+kQyLdbC14VPKU0iAlQQgFYCtIrRKkX6IlQfUAZCd8iPKUep/kQRLCZCJvUNK0coNlQqxLUC5PVSKEaRSkQdolUChWUQKEW5ekQR2mVCZQQQK0JxskQvJRWCNJmSKkoFtkQ789VCdo1UKUc9gkQPf3UCNHqUKUf/SkQR2eUCtxrWKU0iGkQmZ2WCNe5WKU2OlkQmupXC573VK0cozkQVjXXC1jSTKUwK5kQoHxaCdMzWKU8qZlQ0oBcCNWKVKUtBRlQEDqaCND9RKknUelQ/RYaCxuHSKUQexkQJ6aXCVr0QKkfNSlQDysYCVVAPKErYxkQlo6ZC1leMKUKzMlQ6OEUCldqOK0R1dkQObtTCVUeWKEwB9jQbD+UCNhYYK0H7GkQEiZYCJh3WKE395kQ S_000002_007
LY6WcC1MzOKk78rkQU4icC1hWRKUPKgkQCsidCFDSNKEBWzkQpbabCRg1MK0kYekQJbHbCRgVNKkvfIkQ8S/ZCVihLKUwKBkQEtwYChpbMK0xLLkQ+TtZCpwlLK0xLpjQiWcaCBqmJKktzdjQzhuXC1NpMKknv7jQ+TNYCZlDLK0eUojQc94XCltTIK0eUqjQGZzUCRgVTK00NTjQf/sUCpZmQKEXPUjQsHtTCdnfPKkrHJjQgqhVCpEDPKUHafjQLyeWChVeQKktzpjQ2jqWCZ7MTKkqxpjQ46xVCh/0UKEsydjQnEzVCR0SXKkBBcjQSMwXCxf6TK0bS2jQNzMYCpFpRKkTi9jQ5leXCZkdPKECs2jQUv6bCFEANK0U5/jQrj2aCNpNPKUu1GkQ6zLaCZDsJKUhtFkQ4y7ZCVLXNKEaljjQw65WC9i1LKERVBkQ0ezXCNG0LKUBYbjQyq6WCJ+FIKUuppjQTSJUCJxSUK0eeKjQpWlTCFFjNKEsOJjQT+FTC1ynQK0/1AjQJg+YCpbfRKEGBHkQ S_000002_007
Lv0VbCVNeKKEmuJjQKxAbCtyRNKEXPEjQkCvcCpvvJKkoFPjQmZ2aCBWpIK0NJ2iQQ1oZCR1IHKkR22iQ/UjYCpGPIKkSMoiQ99rXC5PFKKUbnziQyL9YCZk9JKUzMViQuznZCJGkIK01jEiQJb/WC12pLKEaRkiQ6mkXCtI7KKErcOiQpbyWChp7IK0kYEiQGEIXCpZmOK0MzoiQjsNWCVjXQKknvfiQpbSVC55rPKkYQUiQIwaWClBBTKk9okiQhAbXCx1DUKEEYxiQmZeXCpGfWKUgV0iQXkVYCxKHSKUMI6iQRLKYClBhPK0co1iQsxSZCZLJHK0xhFjQT10ZCtpSFKEDjyiQ5WAYCJrvGKkXAjiQEtiZCh2ZLKkXKaiQi4CWC9/ILK0BtkiQ1EoXCZDhMKUtWFiQLwXXC9IzHKkYn7hQXSyVC95SUK0SbeiQUGFZCd7rSK0gRDjQptyYCd2OOKktu7iQ S_000002_007
LzMbaCJxQKKEZ7yhQPfHbCVihMKkZm9hQ78NbCxeUIK0eUmhQ3kQZC9TdLK0KHkhQiWcZCpEzNKEYlXhQQgFYCxf6OKkZmRhQ8SXXCZ6mPK0a8khQPfHYCBAgRKkR2EhQ0iMYCd++QKULyugQ5luWC5kISK01jihQ8nyWC1MzSK0JxKhQnErVCtduRK025/gQKxYXCNIQUKUgVwhQIF2WCBq2WKEEYxhQHv0VC5QbXKEtInhQEYdXCJFuYKktz9hQDCkYCBBGYKUO0IiQ67HZClYAaK0MzUiQKxIZC5leVKEAAIiQHahYC12pTKEpw7hQY58ZC5cVNK09sKhQU18ZCRGHPKEO7fhQfhlXCJkiNKUBzJhQPm4YCd3kSKUXbJhQToyVCJ57RKUh2mhQVn0WCNjvUKU5zIhQsW3UCdlqSKE5lEhQTu7ZCNbnZK0NEdiQ6buYCR8ybKEVTViQcm8ZChjCVKk/GQiQ1W5YCpM2RKEN86hQ S_000002_007
LXkdZCBVDSKEpwhgQ2jqaCJxwRKUKcvgQU4aZC5OvQK0yhMgQjXKZChALVK0JxegQR2GYCFsCWKUzMRgQdolXCRfvYKUjXYgQ7RRXC5koYK0gAvgQEYlYCdTCbKUFuWgQY6mYClXKcKU46BgQO0qXCBVDbKEqG5gQEtAYCpG/cKEnEngQpw1WCNdTeKE99fgQMdzYCV3kaKkArIhQPKMZCtHlcK00NXhQmZmYC9oweKk/UXhQv0NaCtHFcKUf/khQUN2aC98tZKUFukhQUN2bCBVTZK0yhyhQOJeaCZPqXKUMIWhQXkdZC5QLYKECsIhQMaYXCJeuUKUlrRgQhScYChBLWK0KgCgQPkxWChHKZKEITQgQ/keZCVnYaKE0eagQLi5WCdfvbKkLEBhQwqrYCFtSeKUsqrgQKc6WCBCpeKUukQgQ9gUcCxjlXK0ekyhQLyGcCZotaK0Hm8hQvv7aCRo7VKk5+VhQ99LZC5kyWK0oh+gQ S_000002_007
LDX/ZCBWJdKk/UvfQ/UzaCpGvaK0NJmfQSMoZCNdDfKEW5MfQ8SvaCZ7seKU6mKgQHaZbCZ7MhKEtIHgQfUgaCNdjjKUzMNgQdotZCFC8iKUMIggQZQQbCNyGmK0a8SgQamZbCRfvnKU6mAgQam5ZC5Q7kKkEDwgQpwVaCpFZnKkTijgQjsNZCJwqoKEaRagQIFGdCVM4mKEXPwhQCBWcCxJhoKEUNkhQwfibClX6nK0w1ThQFDibC9oQlK025PhQ67PcCtHVjK0jCbhQ0iEdCtdOkKEDCshQWO0dC14liKUGE4hQ3kAcC99zgKUIwShQ8nKbCxgQhKEtIDhQlD1aCFt4jKUgVAhQKUKeCtmsjKUTrqgQf23eCh9xmKk9z8gQ+1obCZeWhKkn9vfQvpNcC12QhK0HyPgQjH5ZC1O7jK0oUBgQLYIcCdqolKEu3YgQOhDZCRnTlKEBa3gQ0S1aC1WooKkqysgQfseZCRNepKk4nMgQNBZcC19aqKEn5nhQ2SXeCVvUjKkarDiQ5D0dCVcqgK08S1hQgazaCNS1fKEtD6gQ S_000002_007
Lc9MiCB/peKEYlrjQmuJiCpasbKEqGrjQBWNiCJGEgKkpbAkQJbnhCh/0fKULycjQmZehC57niKE8ncjQhr/gCdoVjKUFuKjQ46JhCNIwhKUGE4iQueQgCJaxiKEtIPjQsy5fCRLClK0jCZjQ03jgCtI7gK0cotiQcS8fCxJRiKULy4iQiWkfCxKnkKEVjtiQMdzeCx0dYKE8nQiQuzneCJvEbKUgVMiQEtQfC55LdKkvfUiQUNGgCZPacKUIwiiQ03PgCJG0ZK0MzoiQAAwfCxgwXK0jCfiQ357fCJwKVKEBWjiQlYwgCFDyZKUy23iQgq5gChWUcKU3k6iQQghgCJxAeKUgVuiQZM5hCVPnjKUtpajQYtRhCZWIjKUnXqjQAADhC1SPlK0CRHjQRIOgCZSMhKUwWYjQi/kgCFhghKEdqeiQ6CMfCVBBhKERP5iQWdmeCZ9kkKUvDriQ3R7dC5QfbK01yBiQnFZfChA0TKESFciQQvTgCxxnUKUHvtiQ03PhChT8cKkCeEjQ S_000002_007
L1R4fC10SlKEyqyjQOSueCtxujKkhy6jQQ0ngC5CtkK0Ox6jQRPlfCZeYoKkuy2jQ+qveCZ42pKEkvojQsdTdCNDypKEv3vjQvOkcC9x2nKkADjjQtxDdC5j4oKkE7GkQVHLcCFhtqKUQTRkQhkmbCFgnmKUjRvjQJ0XcCpzLmK0ZEEkQBJhbC1LclKEfEVkQXvkYCVCIiKkBj4iQ4wrYCFGykKUg29iQ8j4XCRkemKUXOziQPHhZC5ztlKk1fMjQDqPaCF2vjKkpmVjQ6lNaC9gChKEOeRjQWDUZChLEgKUauBjQhuIZCV/udKUQx7iQUuHbCN6rfKExSejQharbCZ2jhKE8xpjQhaMbChgEkKUZUljQ47zeCJOGpKkcVajQkGDfCZKurKEgXojQuL6cC1xjrKE10tjQUp5dC1zsoKUYxOkQmtzaCxdtnKkUIyjQRQDdCx4ykK0u+BkQjbDcCBjMlKEpDikQ6N7XCJ5ohKEddtiQJy6XCJgZoK0XV2iQU5QXCJVzlK0wWoiQt1XcC9aNhKE4e0jQ S_000002_007
LM9PiCJTVfKEMzgoQD0MiCxcjcK0TrcoQ5GRiCVozfKEjhsoQEYphClBBhKEW5boQdTmhCJFehKE/pQoQzM7gCRKsiKkEDOoQhr3gCJxQlKU2OToQPfzgClsdjKEueCoQLyqgClsNhKEsy3nQb8WgCFuumKEDCOoQJGMgCtdOlKUIwDoQx1LfCBAwjKUGEFoQEYlgCFsipKEAAMoQAAIgCRhbrKU46HoQsHFfCJaxqKkEDGoQyLVgChV+tKkEDGoQam9gClXquK0KHIoQ0iIhCZ7MxK0KHGoQMIchCFDysKE7RMoQO0OhCJaRqKkoFOoQEqphC1xwfKUw5MoQbT9hCduriKkFdOoQB0VgC9vztKkvcjoQRrkgC5cghK0EwQoQaqMhCxJakKEYd/nQRe7fCtgwmKkFsSoQEXJgCpffmK0sn7nQIOPfCBbHiKkxwAoQr1lhCxuzxK0bfHoQMQzgCpBdyKUGRDoQFu5hCBGUtKUhxNoQDPjhC939oKUa7QoQ S_000002_007
LnE6gCxlOhKEISfnQrgjhCF4riKEREenQwT3gChRbeK0BpXnQhlWgCZ0/iKEzcTnQQVYfCh+CiKU1ESnQGvdeCZeNkK0grJnQJ+deCZNcmKkAXYnQF84eCpOilKEX70mQnmjeClq+jK0q9imQcOMeCt4yoKEVANnQjTDeChlDoKUJe1mQaStfC55EjKEjjSmQvb5fCdpWlKUI/AmQ4dtcCd1jnKUBlvmQTezfCB7myKkWTJnQdvoeC5tdxKkWuDnQQuReC1S5uKk/EFnQUvRfC57ZtKEZQNnQe3QgC9STuK04rTnQOGZgCtODxKkceRnQzM+gCBrKyKE2AXnQUppgCxaOsK0xTbnQwfQgCtuIqKU6VZnQQ1RfCFSsqK0HBRnQVPFfCtPfhKkPVgnQ9tWfCBFggK06cInQGhjdCFifjKUMnInQg62fCl01lK0QP1mQCVWdCZgkpKUzHSnQBpceChZepK0essmQ9ascC9JMmKU9XkmQlN9dCNCryK0+39mQBeChC1GG0KkKKVnQ5MVhC98DxKUa9cnQSIZgC9tUoK0SfdnQ S_000002_007
LgttfCJ6FjK043SmQCsegCBFAjKE7yfmQonOfClGogK0BJImQQx4fClgWlKEnHBmQ5N4eCZrzlK0xjxlQKDqeCBRwoKUpvtlQYPneCVgKqKU/BCmQ7VvfCJqMqKEGJhlQQZpfC1xwpKkzxKlQIkJfCRqzsK09N/lQfMifCtiGtKUkpnlQ2sjeCVi9jKk79imQ2pceC5RRuKUrYclQx7JgCpeKtKkCtNmQNDWgCxiwvK0HYSmQFuDgCNstxK07MLmQ+j4gCZc/vKUh2fmQ5yPhCRQ8tKEm8omQUJuhCxmeuKUWx0mQEcBhCZCUrK01ZjmQe4fgCJ0BrKkPVWmQ1jCeCJJAlKUTg2lQlRJfCJk9kK04EklQEJzdCBU/oKEBZmlQF0TgCFWmpKUfKmlQ6edeCZKIuKE8zCmQbbLgChfJuKUq+llQr1yeCJ3nvKkBgSlQMsBhCRE0xKkjXjmQhFQhCFHvpKkXKpmQJtWgCdbNpKERxSmQ S_000002_007
LTwegCpa7pKkGC8kQ9rEhChjhpK0c9JlQXKYgCpmKoKkkNpkQfSfgCRm8sKEg2zkQ7W5fCx5/tKUlxnkQzJ9fC1hAxKkygmkQD7xfC5XJyKUJs7kQyoogCBPMyKEIvekQFxrgC5MSyK0rHIkQ9XVgC51T0KkaI/kQa+ogCF470KUWRpkQk2NgCFLw2KU3QekQ79FiCRIa3KUGC2lQrSrhCNhw4Kk/MplQCwOhCBr03KUQRblQB7OhCJiI1KkGHblQubohCtMezKUgWnlQ1TFiCtWt0KURf1lQL7fiCRVXzKEdRCmQEvfhCxlzwKU/5ilQeqBhC5i6wKU+UUlQc71gCZKezK0i2OlQaWDfCNCetKkeiukQ6a7fC9nQtKUORZkQf1OfC59oxKU3NdkQTaAhCpJIxKklbkkQMUGgCFM51K0mfElQjJGhChso1KEirqkQr8OgChJX2Kkq6OkQzBthCZjt6KkhNqlQcXziCNrV0KUbzLmQmAgiC56ZxKk7JCmQlv0gC1UUvKkj6NlQ S_000002_007
L1KchCl9LyKEV2/jQY9uhCpgrvKUPbIkQQ9ZhCBmmyKUNWojQ2y1hCthq0K0OFKkQ8nqhCVMY3KU2OFkQjsFiCFYV5KEAASkQnv/hCRg14Kk9ookQOJ2iC99D5KEmuPkQ8SHjClXK6KUPK8jQwfmiCxJR5Kk78zkQBWFjCdnf6KEAAkkQPf/iCR0S9KEUNkkQ/U3iChVu2KE+T9kQhrXjC9m02KkX6MlQy2ljClYA5KUO0SlQR2mjC9og0KEEYVlQkCXjChALyKULyOlQFumjCFC8vKkQgXlQUN2iC9RByKEZ7+kQMdniCJGU0K0Gv2kQ/WMhC1Uq3Kk1pIkQpEvhCxks3KEB71jQ5U8hCxDK7KEUsOkQk/9iCRrK3KkWdQkQl9giCxhj6KUJc/kQ1WjjC5gF6KU2InkQ9rDjCRY/9KEdtVkQ9vbjCpQMuKES/SlQcM9jCpADwK0JailQFxqiCpvSwKUAN6kQY8QiCVlP0KUY2rkQ S_000002_007
LU4KaCtyBrKkDtOlQobtZCh2XrKE7oclQStSZCx8jqK0eBIlQURTaCdWHpKUz1SlQBVoaC5urqKEMxAlQXDDbCpofrKkoYVlQVfCaC9O8sKEUkKlQ S_000002_007
LvJRaC1MjtKET3UkQXQEbC1EXsK0vXTkQad9ZC1emsKUDHbkQcd/ZCZ++sK0C4LkQGDeZC1UvuKU2WWkQD2kaC16fuK0inOkQB2iaCNbHuKUj2dkQ S_000002_007
LdCNZCdHwrKk+9rlQyUmZCBpTsKEUM5lQsPRYCNcmrK0sEvlQ S_000002_007
LL3UYC9FDqKUuqAlQQltXC5UOrKkmn5kQlS6XCB4UoKkl4/kQ S_000002_007
LigcaC5iAnKESZXlQIyqaCVzrmKk6DmlQ83GbC9+CmKUpcPlQ S_000002_007
LMuIbC9dTqK0IcxkQ4WNbChCeoKkeOtkQE42aCt3NrK0KvkkQ S_000002_007
Ld5AcCdfAsKEZvclQBHMcClcprKUNhrlQ4VycC5n9sK0/5XlQ S_000002_007
LHQ5ZChCDvKU1AGlQ+nKaCJH6vKUjC5kQuCeZCdgbwKEwIOlQ S_000002_007
LDe8bClVDrKEpuRkQtGwcCNoZrK0Q+JkQztEcCF2TpK0DvXkQ S_000002_007
Lx9UZC1npqKkF9nkQgqXZCZwdqKUsL3kQsrwYCJ8NpKkNYjkQ S_000002_007
LFFbZC9e0rKkHZ5jQSryZCN+bqKkRmwjQ4TlYC9NPsKU72yjQ S_000002_007
La1lYCFEDwK08/XkQxMyXCZxsvKEVwfkQqldYCljyxKUi/RkQ S_000002_007
LsVNbCxxcwKkgxBkQ9oKbCRpowKk5iyjQxnxbCdd4xKUYWGkQ S_000002_007
LYOHbCp6RvKUeVwkQKgDcClwPvKUhDzkQDvzaC5J5wK0X/2kQ S_000002_007
SCORE:  1347.433    -83.275   1240.890           1.082          7.381                    9.742    -33.899      3.267      4.000         93.866              0.000              9.963     -65.873        -2.981           34.870            -3.479             0.000     -32.940    123.080         0.000            0.000      41.400         0.000         0.000                0.340 18064.539          1      0.659       0.659    S_000005_007
RES_NUM B:8-12 B:127-137 B:169-179 C:205-206 D:1-5 B:1-2 w:1001-1012 S_000005_007
FOLD_TREE  EDGE 1 3 -1  EDGE 3 5 -1  JEDGE 3 34 4 C4 C2  INTRA_RES_STUB  JEDGE 1 30 5 C4 C2  INTRA_RES_STUB  JEDGE 5 36 7 C4 MG  INTRA_RES_STUB  JEDGE 36 43 14 MG O  INTRA_RES_STUB  JEDGE 36 44 15 MG O  INTRA_RES_STUB  JEDGE 36 45 16 MG O  INTRA_RES_STUB  JEDGE 36 46 17 MG O  INTRA_RES_STUB  JEDGE 36 47 18 MG O  INTRA_RES_STUB  JEDGE 36 48 19 MG O  INTRA_RES_STUB  EDGE 30 32 -1  EDGE 34 33 -1  JEDGE 36 17 3 MG C4  INTRA_RES_STUB  EDGE 17 22 -1  EDGE 22 27 -1  JEDGE 17 6 1 C4 C4  INTRA_RES_STUB  JEDGE 22 35 2 C4 MG  INTRA_RES_STUB  JEDGE 6 28 6 C4 C4  INTRA_RES_STUB  JEDGE 35 37 8 MG O  INTRA_RES_STUB  JEDGE 35 38 9 MG O  INTRA_RES_STUB  JEDGE 35 39 10 MG O  INTRA_RES_STUB  JEDGE 35 40 11 MG O  INTRA_RES_STUB  JEDGE 35 41 12 MG O  INTRA_RES_STUB  JEDGE 35 42 13 MG O  INTRA_RES_STUB  EDGE 6 16 -1  EDGE 28 29 -1  S_000005_007
RT 0.303181 -0.0618028 0.950927 -0.425812 -0.901515 0.0771689 0.852505 -0.428313 -0.299638 -10.2616 9.51442 11.2132   S_000005_007
RT -0.983009 -0.183478 -0.00542685 -0.0455982 0.215446 0.97545 -0.177805 0.959124 -0.220152 -7.3391 -10.1896 3.34368   S_000005_007
RT 0.402498 0.896832 -0.183541 0.886037 -0.331275 0.324339 0.230075 -0.29317 -0.927964 -0.465127 11.0753 7.61604   S_000005_007
RT -0.640913 -0.717853 0.271879 -0.751054 0.659608 -0.0289026 -0.158586 -0.22272 -0.961897 0.12695 -1.00198 6.75575   S_000005_007
RT 0.828156 0.4533 -0.329661 0.455718 -0.886975 -0.0748035 -0.32631 -0.0882837 -0.941131 2.5143 -10.6731 -9.70851   S_000005_007
RT 0.778711 -0.627378 -0.00245707 -0.61736 -0.766962 0.175031 -0.111695 -0.134781 -0.98456 2.1962 9.6686 -8.26823   S_000005_007
RT -0.861455 0.455398 0.224739 0.142298 0.641277 -0.753999 -0.48749 -0.617556 -0.617234 -3.46902 7.85576 11.4355   S_000005_007
RT 0.612079 -0.790796 -1.8735e-15 0.790796 0.612079 1.11022e-16 1.08247e-15 -1.5335e-15 1 -2.1 -7.32747e-15 2.41474e-15   S_000005_007
RT 6.43929e-15 8.38218e-15 1 -0.612079 0.790796 -2.72005e-15 -0.790796 -0.612079 1.02002e-14 7.66054e-15 2.1 -8.88178e-16   S_000005_007
RT 0.790796 0.612079 4.996e-16 -4.996e-16 -1.04083e-16 1 0.612079 -0.790796 2.22045e-16 1.62648e-14 -6.55032e-15 -2.1   S_000005_007
RT -0.680311 0.724013 -0.113938 -0.648825 -0.522624 0.553073 0.340885 0.450188 0.825305 2.1 7.88258e-15 1.02696e-14   S_000005_007
RT 0.258422 -0.557949 -0.788614 0.447748 -0.654184 0.609562 -0.856003 -0.510624 0.0807648 -4.88498e-15 -2.1 2.72005e-15   S_000005_007
RT -0.543501 0.450092 -0.708536 -0.714671 -0.690861 0.109343 -0.440286 0.565799 0.697151 -1.34892e-14 1.28231e-14 2.1   S_000005_007
RT 0.612079 -0.790796 -3.10862e-15 0.790796 0.612079 3.66374e-15 -8.32667e-16 -4.57967e-15 1 -2.1 5.81479e-15 -1.07414e-14   S_000005_007
RT -1.13798e-15 4.62391e-15 1 -0.612079 0.790796 -4.44089e-15 -0.790796 -0.612079 1.97065e-15 -4.48253e-15 2.1 -3.44169e-15   S_000005_007
RT 0.790796 0.612079 -3.96211e-15 -3.88578e-16 6.93889e-15 1 0.612079 -0.790796 5.82867e-15 1.4766e-14 -1.9984e-15 -2.1   S_000005_007
RT -0.612079 0.790796 -3.10862e-15 -0.790796 -0.612079 3.66374e-15 8.32667e-16 4.57967e-15 1 2.1 3.84415e-15 4.96825e-15   S_000005_007
RT -7.96585e-15 -1.59421e-15 1 0.612079 -0.790796 3.51108e-15 0.790796 0.612079 7.32747e-15 -4.17721e-15 -2.1 -2.22045e-15   S_000005_007
RT 0.768703 0.631045 0.104295 0.347831 -0.2756 -0.896135 -0.536758 0.725139 -0.431352 -1.41276e-14 5.9952e-15 2.1   S_000005_007
ANNOTATED_SEQUENCE: g[RGU:Virtual_Phosphate:BlockStackBelow]ugug[RGU:BlockStackAbove]a[RAD:Virtual_Phosphate:BlockStackBelow]gagacuagac[RCY:BlockStackAbove]g[RGU:Virtual_Phosphate:BlockStackBelow]gcauagucca[RAD:BlockStackAbove]a[RAD:Virtual_Phosphate]gc[RCY:Virtual_Phosphate:BlockStackBelow]au[URA:rna_cutpoint_lower]a[RAD:rna_cutpoint_upper]cZ[MG]Z[MG]w[HOH:VirtualWater]w[HOH:VirtualWater]w[HOH:VirtualWater]wwww[HOH:VirtualWater]w[HOH:VirtualWater]w[HOH:VirtualWater]w[HOH:VirtualWater]w[HOH:VirtualWater]w S_000005_007
LShDnCZ5AzK03PnnQYlnmChrnwKE99lnQlYMnChVO0KkmZ8nQZQwmCxgQ1K0coXnQx1DnC9m03K0bSWnQWOAnCFu+4K057/mQ/U/mCR142K0z3vmQhAXmCBAg6KEEY7mQCsWmCltD9K0xLFnQ/UnmC1Mz3Kk78dmQMIYmCR1o6KEnEjmQNz0mCJvk8KET3amQDCckC13P2KkAr0lQ5l2kCFCc4KE8n0lQDXrkCNIg6KkSMolQIFalC1hm4K0NJAmQamhlCJEY2KEAAMmQoFJlC14F0KkoFNmQtIjkCRK8zKkDtAmQyLJkCtHFyKUbn/lQJbblCNIQyK0d+amQ469lCRKczKU14hmQ67DmCZ781KkQgZmQJJinC9Oq3K0+FanQ101mCFHC5KkQcgnQLbgmCpcwxK0u+slQG62lCFvjzK0JSXlQYNZnClWH6K0eL9mQ9p+lCxzc5KkdiAnQzg6mCxM23KURjRmQHe7lCxf66KUaFdmQZG1mCx/H+KE+ckmQOaCkCVYU2K0nprlQtU9kCF9G8KEEtnlQ+NRkCRba6KEjkflQd0RmCZynyK0JFsmQ S_000005_007
LY6ylCNep9KkU4WnQv0llChWE7KECsgnQuzDmCNdz/KULyknQqxLlCNIw+KEQ1InQueMlClDdBLERLCnQPf3kC9S3BL04lsmQsy9kCRgl/KUIwemQqGHkC5kICLkrHtmQOJ6jCxfqELkDt0mQCBakCJbX/KkR2QmQYl7jCtIrBLknvVmQgVCkCd94DLkEDImQoFFkCd+u8K0JxUmQMIgjCNdD8KkZmJmQIwOjCR2e9KEXP8lQ99PjChWk5KkR2OmQfUgjClYw3K0fqdmQXPOjCBqm1KU0igmQFuGkC9Sn4K01jomQnEXkCxJB7KEv0jmQHRqlC9mDCL0DQBnQoW9kCl/iCLU3wMnQyYElCZUbDL00rlmQeI7jCNruALEtQ2mQzSjkClGf/K0E5BmQBDejCp+CBLUxLUmQpE8jC5liFL0v6PmQw91iC9rA5KE+THmQwWUkCxtc3Kk2KzmQ/ExkCp/k7KktUrmQ S_000005_007
LDXfjCZ5wELksdKnQXPujClBhCLEaRYnQxggjCFYlHLkBBSnQx1viChrHELUIwCnQU4aiCx1DGLEoa2mQ2j+hCFZrELkmZmmQSMQiCpFJCLEpwfmQWOUhCtduDLU2OvmQyL5gCNH6FLkZm1mQjXuhChArALUPKWmQc9EhCd9ICLktzbmQJb3gCpvvDLEueKmQHalgCZ5g3KUhrVmQKcZgCh/05KkrHLmQktrfC98t5K0d++lQzMvgC9SH8KksdMmQUNShCZP67Kk8SZmQ0ighC1is5KkmZkmQBWJhChqR3K0a8imQy2RhCtcI1Kk78rmQNeFiCJxQ6K0w1vmQ6mMiChqx8KUNermQhAvhCxf69KU46dmQHSwiCBUKHLUDGvmQXzJiCt/MHL0J4/mQc57hCBE0FLkgrZmQEeZhCtpjCLUnh7mQdNyhCZ8qAL0ImGmQRbugC1T3AL0+qfmQDGjgC5kuCLU7vBmQRbTgCJT71K0HwTmQzWYfCF/T7K0lO3lQVMLfCdHD4KUL39lQf5kiCZEy9KUPQxmQ S_000005_007
L46lgCFX/FLUKcNnQAAEhCVOkELkEDcnQiWYgCFDyILUy2RnQ2O3fCJFOELE/pKnQBr0eClYAFLkVO8mQb8CeCNdjCLkoF1mQmZ+eCJbnALkYQsmQGEYdCNz8ALEQ1GnQb8KcC5kICLE7RPnQbnfeCd++9KEpwvmQ2jKdC9oQ+KUbn7mQ6mEcCdSM+KUwKtmQ03ffChpb8KERL8mQBrUfC9Tt5K01j+mQZQYeChqh4KUIw2mQ7RJgC12Z4K0kYKnQT3sgC99j5KU14TnQjXGhCdSM4KUGEenQuewgC9na8KE/pQnQCsSgCx0t9KUzMFnQ3WOfCJO5FLknzvmQTbOeCZ5QGLUVgDnQU+ZdCliFDLUGBqmQzhAeC1ftAL0opSnQmrVeCFbG9KUf+hmQSNFdCp5y8K0W8FnQvaWbCRYU/KELyymQUkFgCpMe2KUaNMnQJoIhCx5Z9KEhyWnQ4CWgC1gp/KUgUDnQ S_000005_007
LaR2bC13vBLUjXonQMIIdC5PlBLU0i0nQsH1aCFsyDLktztnQYlLbCtH1+KEBWpnQ6m8ZCx1T+KkpbenQDXnZCdoV7K0jCdnQnvnaC5Q75KkDtQnQSMoZClBx5Kk78xnQtdeYCNHK6KkoF/nQXP6aCtIb3K0kYanQoFxZCZP62KkZmpnQmupYChqB2KUbndnQNz0eC5QbyKE+T9nQSModCxfaxKkBB2nQ14ddCZ5wuKEaR4nQpbqcCBW5yK0xLtnQnv/cChqh1KkVOsnQwfKeClst2KEnEznQGZLfChrH1KUjX8nQNzIgCVj31KkArBoQW5IeCNzc5K0IbvnQY6+cCJb35K01jmnQLyOcCFYl3K0NJknQuY7bCF8y4K0ETOoQCxkcCJTA1KkTDToQDNAaCBgB/KkC3PnQY8NZCNmN/K0VCmnQY+vYClEI7K0S3VnQ36aaCZDR6KE/O6nQWC8aCdWA2KkdkPnQei9ZCRjp1K09M1nQ2j1XC9Mz2KUNvjnQwydfCJkKxKk9xBoQ11ocCFK6tKEpbznQCPLeCNhrtKU7v+nQYArcC1xo7KUIEinQ S_000005_007
LwKHSCJEotKEUNAkQwfiRC5P1rKkArQkQ7RpRClDdtKknvpjQcSsTCFDStKUO0AkQJbfUCtznuKkWkxjQEtwVCFX/sKUbnvjQsHdVCJxQqKkCXpjQMdzWCZk9tK025fjQU4CYCtyRtKEqGpjQgq5VClYwpKUgVUjQfUgWCdRWsKUhrLjQU4qXCpGvrK025/iQVjXTC5kYhKEZ76iQuzfUCJwqhK0eUGjQmZGVCFZ7jKkmZMjQzMbUCNJGmK0LdFjQSMQTCtzHmK0co5iQQgtSCNymjKEXP0iQXklRC5PVjKEQ1oiQCB2SClstoKEEY1iQKxwTC55LqKE8n+iQ03vUCRfvoKUxgIjQK+qUCZScwKEho2jQHUAUCh9tuKk++jjQs2+RC5s/nK0lEtjQKZGSCx14jKk0VujQkgNWCl/8sK03i9jQthsWCJK5vK0QydjQhglWCFkWoKUOaUjQN01VCNvPtKkzpCjQa8bYCV7nsKUTmGjQMN8UChvAgKEDzKjQD3PRCxsihK0ZbliQXhGRCN06kKkg5jiQR8vTCxYJsKkyZ+iQ S_000005_007
L67PZChWUvKEtInjQ5QrYCNc9xKEBWhjQqGHaClD9uK0bS6jQBWBaC1NJuKE/pSjQ99DbCZPqvKErcIjQU4SbC9S3uKUwKxiQKc1bCRhLsKUktviQoaEaCxf6uKE8niiQ78VaCZ6mwKEQ1QiQ35TbCNc9qKkuJdiQMI4ZCFu+rKkpbciQBrUZCNHqrKEv0HiQFu+ZCBAghK0bSEiQtdeZCtI7jKUbn9hQKxgYC1h2jKECsuhQc94ZC9RRmKEqGFiQJb3aCJxAmKUJGUiQMdbbC5QrjK0isbiQR2+aCBrMhKUbnTiQSMYbCpa8eKECsYiQmuZcCdSMkKEW5qiQRLacCd8ymKkSMsiQZQgbCZlDoKUc9eiQhm5bClcZvKktSQjQOx0aCR9jxKkczIjQDR8bCRoGwKEdyqiQEBTZClhjvKEXyqiQvNybCFAirK0HNQiQzLWZCpDBrK00IniQXW4YCF2UtKE4mDiQX2mZChO4fKU3z9hQ1mHYCtbhlK0gZphQ5vMYCdlIiKUWDphQCLAdCx1ynK0Nx1iQ S_000005_007
LWOMZCFCcyKkDtGiQc9gYC9n6zK0KHYiQiBxZCFu+zKECs0hQBrMYC98NwK0Ib9hQ4P1WC1iMwKUwKDiQUN+VClu5wKkEDwhQQgtWC1NZwKkpbchQ4PtUCFuOvK0w1thQEtoTCZ7MwKEZ76hQiB5VCFX/uKkqxNhQ+TdUCVMYvKEmuVhQ/U7TCpZ2xKk9oOhQCsiVCls9lK0KHmgQ1NBVCtcYoKU14hgQmuJVCNHqqKEW5sgQGZ7VCd8SqKUdT+gQLHiWCRh7nKUFuEhQWOUWCNHqlK0is3gQ+T1WC13PjKU147gQfUQXCx1ToKEEYXhQT3EXCdR2qKEsybhQwfSWCtILsKEBWNhQKyrWCBCgxKUloOiQw+lWCRWauKk+YIiQ3lvVCJnzyKE0vwhQeD6UCh3XtKkLvxhQqj+VCdvvvK0QX/gQ6+4TCxv5tKUN0QhQWnUTClTjyKUonZhQRsdUCR5foKEf/UgQ3kpWCNgvhK00RygQ/WZXCNJ/iKE2iIhQpKeXCRZurKUVUohQ S_000005_007
LMdLTC5OfuKEEYPiQDXXUCpa8tKkX6ciQuz/RCNJ2vKU6mYiQ/puSChArrK0FZFiQPffRCtzXrKkBB6hQDCkRC5kIpKEShphQqx7SCxLtoK04lihQtdGRCR1YmKkuJxhQGZrPC5kImKkBBwhQjXKTCdS8lKUzMfhQDC0RCltjkK03PhhQShLRCV4akK0jCNhQ8nCWC1MDeKU0i2hQqxLVCxgQeK0FZlhQueEVCBBGcKEW5YhQzheUCRKcgKkX6ghQNzsUCdSciKEqGvhQLHiVCRhbiKU6mAiQmuRWCNJGgKU2OFiQWOEXCFuufKUMIUiQ2OfVClC3kK00NLiQ1NpUChqRmKUJGAiQMIIUCRK8kK0JxuhQgBSRCFZDtK0rsyhQ3xxQCJ49qKUtQEiQlvBRCpDppKkmBdhQ0wZRCdHHmKUG5/hQ7vgTCtcrlKE7sQhQsH8RC9ewiKkuHnhQKOsRCR0NjKkEwDhQ+2gWCdcWcKkEh4hQ55dUCp+HcKkkhMhQTllVCVneaK0CFchQboZUCVqHoKEAtDiQ S_000005_007
Lmu5OCx1zjK0Gv8hQ35bPC55rjKEQ1SiQZ7cNCBAQkKU5Q5hQIFWPCNyGhKEQ1whQwKvOCxgQgKUzMdhQNeBPC9mUdKkU4YhQNzcQCZm5cK0GvWhQ5lmOClsdbKEW5qhQ03PNCpasaKUgVohQcS0QClXaaK0z3fhQ/UjPCpZGZK01johQueEPCJEIXKUgVahQ3kYUCluJWKEnERiQf/kTCNJGVKERLCiQhArSCV3UWKk781hQ03nSCls9YK0HF6hQc9YTCFYVaKET3IiQcSUUCltzYKkR2UiQAAIVCNJ2ZK0isjiQcSETChqBdKULyIiQlYISC5lOdKUPK6hQPK0RCBq2aK04lwhQK6FPCZqVhKEaaRhQMNxNCpBigKEEIehQvblOC5WzcK0veLhQm2uOCVGYcKUQo4hQm1MRC9DSZKU/mUhQZbxPCBCUYKEGf2hQcOuPCptqVK0YiZhQwVqTCNcKTKU75/hQZxvVCF5rYKEngriQYSGVCFFxbKUPxmiQOtsRCVQ7eKE8c2hQ S_000005_007
LPKUMCpvfaKklD9hQJbnMCVO0cKUf/KiQnE7KCxeEaKEmu1hQwK3MCNy2XKk9oIiQpbqMCVOUVKklD/hQuznNCdnPTKU46HiQ2O/OC55LUKknvHiQShbNCJahSKU5QfiQO0SMCJb3QKUNehiQe+uPC99jSKk++ViQe+uOCpEDRKU46jiQXktOC99TOKkYQeiQjXqQC5OPUK00NjiQc9wRCJaBTKE7RtiQ149RCdRmQKUiBriQgVmSCR0iUKk8S5iQqGXSC12JXK0Of7iQXkNTCx1jYK0LdHjQuzPRCpacYKkQgxiQShbQChA7WK0fqliQlNzMCFPeVK0OlvhQzkvLCdxuUKkwxBiQg3kNCR2oRKEP++hQJEVNC9dKUKkMrniQ3+PQCVxRRKk8fNiQqDAPCBBQRKkh6yiQdC9OC1PPNK0+xqiQXsETCl6eaK0ZeJjQ7b+TCF1qXKEzOOjQRzFRC1eXaKUIQziQWRqPChswXKU7qeiQ S_000005_007
LjXyLC1i8PK04l4iQUNGMCFYFSKkYQIjQ9oYKCNdDPK0251iQ78tMCFZbNK0259iQaReMCNe5LKEueQjQbnvNCx1jKKUJGYjQzM7OC99zLKEnEPjQ2O/NCJv0KK025vjQYlLNCBVDJK0fq7jQZQAQCVOkLKEpwdjQXkdPCV3EKKk8SxjQgVuPCFsSHKU0iwjQSMgQCpbSOKUGEkjQkCnRCpbiOK0IbxjQAAQSC9nqMKE/p4jQEY9RCVMIRKkVO2jQyLVRC55bTK03PvjQEtwRCVjnVKkX60jQPKMQC56BTKEVjhjQlD1PChqhQKE/pcjQLNzLCZEiKKkMONjQrRIMC9vENKEzvbjQ29uNC56rIK0jhTjQYtzNCF1qMKkOU0jQEnuQCFIhKKEaUXjQdo4PCNi2KK0CA+jQNRsQCZIAHKEKixjQGCvSCJRXRKU3m/jQLTsPChUkUKku9bjQnRDPCJ7RQKURWTjQ S_000005_007
LLymMChqBKKkVOSkQFuWNC5QbMKUzMZkQEtILCRKMKK0HFQkQCB+MCdRmHKU14hkQhrPOCVOUGKkoFhkQsyRPCRKsHK0xLvkQIF2PCx09JKEaRkkQFDyOCZ78IKUy2DlQepjOCNz8GKkZmTlQ99jQCtxbLK0w1zkQoa8PCpEzKKkZmJlQ5Q7QCJGkJKU0iWlQJGsSCdolUKUGEElQTi5SCluJSKkpbMlQGZTSCdR2PKEEYHlQKxYRCBrMQKEpw3kQ99DRCV3kSK0fqtkQW5wRCtz3UKErc0kQYljRCR0SXKEUNskQNzEQCtxLSKErcekQlD1PCxKnPKUbnfkQsHlQCdTSOKU0iukQXhkOClGVGKk6SSkQ4jJOCJadEKUd2lkQe0/PCV2aGKEnYykQnK9NC5a8JKUe9AlQL7eRCN2wKKEZbzkQsOoPCpNdMKEURQlQTmDRC57oKKEtejlQT6kTCtcCSKEsuXlQPgESClA1YKU/dxkQ5+4QChtiXKEI4gkQwbKPCBitOK0loWkQ S_000005_007
LJGcNCpwVHKEmullQoFZMCRhLJKUktdlQWOENCB/pEKUy2tlQMIQOCpZ2IKEDC4lQuzXPCZljHK0FZBmQ46RQCJGkJK0eUMmQpbiQC9S3LKkAr+lQDXvPCNzsKKU2OhmQaR2QChVuKKEYlvmQsyZQCFZLOKkCXLmQDXPPCNzcNK057ZmQ/UDPCBqWPKkmZqmQe+eNCZljSKkVOSlQ6mUNChUIQKEaRclQSMQMCRhrOKksdWlQgqJOCtxLPKklDrlQ5QLPChU4QKEqGvlQzMbPC5PVTKk++llQXPiOCVOUUKkYQWlQUNmOCxLdWKkmZMlQZ7kQClsdUKkmZulQuz/QC1isSKUPK8lQoaMQC5leQK0Of9lQe23PCJnnGKEiM2lQljDPCl5PGKUW7LmQ91IRCl5sIK0YePmQhHAPCZ6kJKUNQmmQWtMRC9niOKkBDUmQuoaOClYTNK08gRmQh5YOCxGrQK0qtlmQ+L0MCFsETKkKiHlQSrFMCp17MKkvHdlQdqoLCBAXPKEElLlQLizRCZg7SKEl0EmQ S_000005_007
Lb8yQC9RBMK0d+GnQ3kYPCJxQMK025NnQ3kwRCRLiKK0yhUnQEYVRCFX/OKU3kCnQSMoSCZQgPK0FZ5mQEYFTChUYSKUiB9mQVjfSCtILUKk/UtmQIFuSCJEoTK0yhSnQyLtTCpbiVKktzXnQY62RCR0SWKUgV4mQy2ZRCNIAVKEnENnQ03/QCV46WKEaRcnQdoFQCxggeKUdTQmQ/ULRCNeJeKkvfcmQf/kRCtx7bKU0immQCBuQClX6ZKkoFjmQ35jPCtd+ZKUiBXmQbnPPCRhbcKUzMNmQFDKOCFDycKEtIBmQ5Q7OCxJhXKkrHXmQyLtPCdTCWKkoFjmQ5QzQCNyWXKEQ1qmQFulSCdrKPKEF9pmQRKSTCRxSOK0Z2/mQaxDUCZsdSKEEj7mQ2eqSC1lNSKkYXdnQFVeSCBDxXK0ej7mQS+rQCFzsTKE7oKnQPjJQC9atXK0dpXnQMfwRCVitfK09TemQNq+NCt8heKEco6lQWZiNCdxSbK0Uw+lQOThPC5sJUKESQmmQ S_000005_007
LMIAVC9owUK0FZlnQXPqUCZ5gSKEv0znQ9oIWCNzcUK0kYWnQsHNVC12ZXKEVjznQc9IUC9SXYKErcAoQOJuTC98NbK0co7nQ5l2UCVNucKEVjznQDXnSC13fbKEQ1qnQPfXRCVihcKEsyznQ8SfUCpvPeKUHahnQGEQTCx09cKknvXnQpwdSCVN+eK025NnQPfnVCBVTeKEpwRnQiWsVCNJWgKUdTCnQT30UCVjHiKkZmBnQe+uWCV3UgKUdT0mQpbqXCZmZeKE7R1mQO0qYCVNeeKUzMnmQ/pmXCNdTcKULyEnQBrkWCdoVcKkvfSnQzO1UCxziaKEK8gmQ4gbUCdtTYKEv7HoQPDXTChrMXK0uH/nQ3gZTCVDFcK0YXEoQCucSCxIwZK0XOknQtcRUCZXEgKkgAmnQLQjTCxUtbKkZuMnQ46YSCVRleKE7l+mQbNXZCJtFdKkqinmQDktYCBF6fKUricmQSnSYCpD6aKEzVFnQLggWClL7aKE3SdnQ S_000005_007
L5lGVCZQwrKU6mYnQ1NhUCNJWpKUO0inQAAQUCBBmtK0z3LnQ/UTWCV4qqKkYQKnQTiJXCVNesKUwK/mQy2RYCB/5qKUzM1mQwf6YCd+OpKEtIFnQ46xXCViBpK0z3jmQ++hYC9TdpKkrHRmQyLNZCxgwmKESh7mQY6+XClYQmKkWktmQ+TNYCNIQkKkEDemQZQQXCpv/hKULy8nQ35rWCBr8jKUMIwnQHvcVCpvvkKE+T1nQCsSXCltDlKUKcfnQjXiYC1jCkKEXPcnQPKMZCdRGiKU46nnQsyhYCRh7gK0fq5nQT38YCRKMfK0d+CoQlDdaCxKnhKEYlfnQ8niaCd+OjKk8SPnQ8naZCxJxkKEaRMnQo1fXC1/ytKkGSJnQTNoWCFOZtKkOH0mQNHVYC1nVeK03G5mQbbnWCFdMeKEnOMnQMY8YCxbKsKEBjvmQA70WCheWpKUWahmQRhAaCB9zmKUJhymQtPPXCZpwlKku92mQMXjXCNP0iKU5CgmQjZuWCJGUhK0pZEoQrNAVCRiImKEl0snQ7M/UCVp8jKEYyAoQSNVbCxcWjKEEFGnQ S_000005_007
LsH9XCZ6WrK0Jx+lQQgNXCd9otK0NJImQf/EZCNJ2rKkqxvlQwf6WC1icpK0xLzlQJGkVCx1jpKET34lQoa0UCBrcnKU0islQfUQVC141kK0IbzlQf/UTCVNenK0JxwlQBrsSCNz8oKkvfglQ9oQUCtHFjKEDCslQx17SCtyhkKEv0vlQhADSCFX/jK0GvelQO0aSChWkZKkpbylQoFBSChrnbKkuJllQAAARCBBGbKUy2XlQZ7kSChqBeKET3klQCBmTCNIQeKU2OzlQ6mEUCh/UcKUzMBmQdodTCxgwZKE7RBmQSMwTCNdzXK04lMmQMIIVC5PVdKEEYNmQW5QVCd8yfKUFuGmQhrXUCpvfgKEW52lQquNVC9zVrK0Re1lQRveVCpCQpKU6SImQNDBVCtGqnKESRdlQ2SKTCpZQoK013+lQMpYUCpeyiKk0pclQPVkSC1T6jKkQg9lQD6cRCFzhlKkxyclQPH8RCNT3XKEgYxlQATrQC5xecK0/COlQs9kQCd4UZKkl5XlQHB8VCp2BhKkcZMmQ S_000005_007
LqGfSC14FsKk8SjlQwKfRCNH6sK0d+SlQlYQSCRhrsKkVO6lQU46TC9RRtKUO0clQx1DUCNy2vKEShTlQpb6UCVNuvKEEY/kQRLSUC9mUxKET3ukQgVWWCtduwKkYQClQtdWXCVjnuK0xLFlQCBOVCR0CzKUiBlkQ+TlWCRKsyKEmuvkQQ1gXCBAwxK01jgkQ8nqUC1411KEYllkQkC3UC9mk3KEDCUkQVjfVCltz2KUPKEkQmZWUC14F6KUFuUkQIwqTCZP66KU14lkQueMTClXa9K0islkQlDdTCRKM5K0253kQdo9TC9Tt2KEnE3kQl3eUCpYDxKk67dlQT+KTChNjwKkm7PlQYt9UCp52tKUOo6kQY2YWCBw6xKk2rOlQsDSVChdfyK0UBWkQxC2WCJdd0KUA/0kQim6XCp+RzKEBNZkQiHsSChyF+K0X+xkQusWTCJNk+KkuRZkQP18SCZQz5KEOcElQUz0TC1jg1KU0QDlQ S_000005_007
