SEQUENCE: gcggaguacguaauaacuacgcZZwwwwwwwwwwwww
SCORE:     score     fa_atr     fa_rep    fa_intra_rep    lk_nonpolar    fa_elec_rna_phos_phos     mg_lig     mg_sol    hoh_ref    rna_torsion    suiteness_bonus    rna_sugar_close    fa_stack    stack_elec    geom_sol_fast    hbond_sr_bb_sc    hbond_lr_bb_sc    hbond_sc        ref    free_suite    free_2HOprime    intermol    other_pose    loop_close    linear_chainbreak    time    missing        rms    rms_fill description
REMARK BINARY SILENTFILE    FULL_MODEL_PARAMETERS  FULL_SEQUENCE gcggaguacguaauaacuacgcZZwwwwwwwwwwwww  CONVENTIONAL_RES_CHAIN R:108-111,R:133-137,R:181-187,R:189-190,R:210-213,R:1001-1002,R:1005-1009,w:1001-1008  CUTPOINT_OPEN 4,9,16,18,22-37  DOCK_DOMAIN 1:1-24 2:25 3:26 4:27 5:28 6:29 7:30 8:31 9:32 10:33 11:34 12:35 13:36 14:37  EXTRA_MINIMIZE 11  FIXED_DOMAIN 1-10,16-24  INPUT_DOMAIN 1-11,16-24  SAMPLE 12-15,25-37  WORKING 1-37  RNA_TERMINAL 1,4-5,9-10,17-19,22  RNA_BLOCK_STACK_ABOVE 4,9,18,22  RNA_BLOCK_STACK_BELOW 1,5,10,17,19
SCORE:   349.965    -44.433    355.555           0.644          1.586                   -0.253    -59.500      2.613     11.000         12.537              0.000              3.195     -35.653        -2.557           23.406            -0.226            -1.445     -33.721     68.120        -2.000            0.000      41.400         0.000         9.697                0.000 19107.600          4      0.637       6.828    S_000001_000
RES_NUM R:108-111 R:133-137 R:181-182 R:186-187 R:189-190 R:210-213 R:1001-1002 R:1005-1009 w:1001-1007 S_000001_000
FOLD_TREE  EDGE 1 4 -1  JEDGE 1 16 1 C4 C4  INTRA_RES_STUB  JEDGE 16 15 6 C4 C2  INTRA_RES_STUB  EDGE 15 14 -1  EDGE 16 19 -1  JEDGE 15 13 2 C2 C4  INTRA_RES_STUB  JEDGE 14 5 3 C2 C4  INTRA_RES_STUB  JEDGE 13 20 4 C4 MG  INTRA_RES_STUB  JEDGE 5 10 5 C4 C4  INTRA_RES_STUB  JEDGE 20 22 7 MG O  INTRA_RES_STUB  JEDGE 20 23 8 MG O  INTRA_RES_STUB  JEDGE 20 24 9 MG O  INTRA_RES_STUB  JEDGE 20 25 10 MG O  INTRA_RES_STUB  JEDGE 20 26 11 MG O  INTRA_RES_STUB  JEDGE 20 27 12 MG O  INTRA_RES_STUB  EDGE 5 9 -1  EDGE 10 11 -1  EDGE 13 12 -1  EDGE 20 21 -1  JEDGE 21 28 13 MG O  INTRA_RES_STUB  JEDGE 21 29 14 MG O  INTRA_RES_STUB  JEDGE 21 30 15 MG O  INTRA_RES_STUB  JEDGE 21 31 16 MG O  INTRA_RES_STUB  JEDGE 21 32 17 MG O  INTRA_RES_STUB  JEDGE 21 33 18 MG O  INTRA_RES_STUB  S_000001_000
RT 0.0914936 0.981607 -0.16756 0.887703 -0.156645 -0.43295 -0.451235 -0.109131 -0.885707 9.0618 -10.6111 -7.08643   S_000001_000
RT 0.525558 -0.830129 -0.186214 -0.837917 -0.542959 0.0555906 -0.147254 0.126816 -0.980935 -3.68976 -4.69887 6.73067   S_000001_000
RT -0.797144 0.600152 -0.06617 0.590299 0.751602 -0.29435 -0.126921 -0.273699 -0.953404 7.85127 -3.55737 -2.99027   S_000001_000
RT -0.204701 -0.79349 0.573124 0.123829 -0.601812 -0.78898 0.97096 -0.0905357 0.221449 2.8484 9.82942 -4.7471   S_000001_000
RT 0.535963 0.594764 -0.599165 0.740279 -0.67228 -0.00515027 -0.40587 -0.440789 -0.800609 2.56014 -10.2489 -10.4662   S_000001_000
RT 0.723713 0.683885 -0.0924138 0.651728 -0.721348 -0.234324 -0.226913 0.109354 -0.967756 31.8516 -2.3282 -1.4226   S_000001_000
RT 0.525866 -0.752123 0.39721 -0.463701 0.137991 0.87518 -0.713054 -0.644414 -0.276195 -2.1 1.47346e-15 -4.9204e-16   S_000001_000
RT 0.790796 0.612079 -1.14074e-15 -0.511009 0.660215 0.550442 0.336914 -0.435287 0.834874 -3.77476e-15 1.75323 -1.15593   S_000001_000
RT 0.550375 0.678072 0.48714 -0.271535 -0.406371 0.872429 0.789529 -0.612439 -0.039536 6.26593e-15 -1.15593 -1.75323   S_000001_000
RT -0.612079 0.790796 5.20779e-16 -0.660215 -0.511009 0.550442 0.435287 0.336914 0.834874 2.1 -4.36004e-15 2.37942e-15   S_000001_000
RT -0.790796 -0.612079 1.20599e-15 0.511009 -0.660215 0.550442 -0.336914 0.435287 0.834874 1.75415e-14 -1.75323 1.15593   S_000001_000
RT -0.59039 -0.702612 0.39721 0.0132743 0.483615 0.87518 -0.807009 0.521971 -0.276195 7.4607e-15 1.15593 1.75323   S_000001_000
RT -0.556627 0.660044 0.504489 -0.656246 -0.721709 0.220176 0.50942 -0.208513 0.834874 1.95844 -0.336351 -0.679253   S_000001_000
RT 0.933581 0.322506 -0.156255 -0.126038 0.703653 0.699276 0.33547 -0.633137 0.697565 -0.3625 1.23711 -1.65776   S_000001_000
RT -0.931508 -0.32015 -0.172619 -0.358125 0.724369 0.589098 -0.0635597 0.610569 -0.789409 0.665665 1.66326 1.09565   S_000001_000
RT 0.670172 -0.517192 -0.532336 -0.414736 0.333859 -0.846482 0.615519 0.788068 0.00924559 -1.95844 0.336351 0.679253   S_000001_000
RT -0.903503 -0.37991 -0.198371 0.256164 -0.849775 0.46072 -0.343603 0.365447 0.865093 0.3625 -1.23711 1.65776   S_000001_000
RT 0.0353985 0.155667 0.987175 0.00599499 -0.98781 0.155552 0.999355 0.0004118 -0.0359002 -0.665665 -1.66326 -1.09565   S_000001_000
ANNOTATED_SEQUENCE: g[RGU:Virtual_Phosphate:BlockStackBelow]cgg[RGU:BlockStackAbove]a[RAD:Virtual_Phosphate:BlockStackBelow]guac[RCY:BlockStackAbove]g[RGU:Virtual_Phosphate:BlockStackBelow]ua[RAD:Virtual_Phosphate]ac[RCY:Virtual_Phosphate:BlockStackBelow]u[URA:BlockStackAbove]a[RAD:Virtual_Phosphate:BlockStackBelow]cgc[RCY:BlockStackAbove]Z[MG]Z[MG]wwwwwwwww[HOH:VirtualWater]www S_000001_000
LBrAgCZljyI8EDyVQy2RfCxL9tIMUNOVQBrUfC5lu3IsAr8VQueUgCpF5wIc0iMXQT30gCNJG0I8LdzXQgqJhC13PxIc5QfYQHvkhC9n6sIMQ1QYQLyqgCJGkuIs++9YQfUYgCFueyIsTiZZQIFihC14loI8HFuYQ9oIhCxfqqI8hWUZQJbjhCRhLtIcFuyZQbnPhCRKcUIMpwxYQy2lhCpGvXIc0iMZQ++5hC1MTVIMT3sZQSMohCBAAdIcPKIZQOJShCpGveI8fqlYQnE7gCZ5wbIc0iIYQsH5gCd9IWIc46NYQaRmgChVuSIsDtwXQZ7ogCFYFfIsVOUXQ1N1gCJE4jI8fqpXQwfOhCVN+jIMW5YYQ81KhC1j70I8DyIXQmAogCRNc3I8A4DYQ3ZXiCVR6eIMRoSWQ2npiCBHJYIsqgcXQffbhCR1zzIMs9uYQmnUgCxJtsI8ZktYQ68+hClImnIs3Y3YQMz4gChusnIsVahZQyBThCxm8vIsttBaQ7gPhCh2mQIMtU4YQAkKiCVTaXIszdBaQQO4hCFHaRIcFDwZQuLtgC1LGnI8FwJXQ S_000001_000
LDXXfClYQxIchrvZQFDaeCNHavIcIwOZQW5AfCx0t1Is9oMaQGZzfCdnPsIsSMMaQ++5eCNJGoIsEDWaQ99rfCBVjjIMv0paQktPgCVN+gI83PJaQue0eC1NJfIstz7aQxgYeChrngIM7RlbQ++NgCR1YbIMnEPaQCsyfCd+eaIcIw6aQ14ZgCRLyaI8fqZbQ2OvfCdR2YI8gArZQamxfCJaRTIMT3oZQqxLgCR2uQIM+TFaQ++JfCVO0QIMYlHZQy2heClupTIMEYpYQiW8dCRK8QIsZmJYQkCfeC1hWZIsU4qYQtdGfC56xbI825LZQRyOeCRbcpI83DqaQrjdeC1L7mIcqt7ZQ45IgClXAlIMW8/aQSzDeCNsieIclooaQ3YrgCxDCaIstpPaQByUfCRSDXI8e/8aQaUOgC5eacIMwtzbQSSedCpu3SIsLrlXQj8+dC9eBNIMyGJYQ+mBeCh1abIMNqUYQ/UFfCNPsfIMUkNZQ S_000001_000
LMdDdCpEDeIMoa4bQTiBcCVO0dI84lWbQsH1cCR2ugIs78hcQEYddCls9XIMoaAcQlDVeCNepWIc14hcQqxbeCJwqQI8w1jcQoa0eCdSsOIsmZ6bQxgIdC9owNIMAAscQDC0cCNJGOIsnvXdQNzMeCd9oJIs/UzbQR2edCNzMIIs9occQDXXeCx1jFIsuJ5cQHvEcCxLd/H8xL1ZQXPqcCd8S7HsrHZaQb8qcCV3kwHM/paaQtILdCNJmAIs9o4aQhADdCR14FIsDtwaQqGfcCpbSIIslDNaQoa8bCtcIFIsSMsZQNeZbCpEjGIMXPKZQIwicCZ5wNI8eUQaQoFJdCpZmOI8Jx0aQOJedClBBKIMCsKbQcFNfCtDRYIcvXccQAI+dCZeFYIctu8cQ4rHfCpesPIc624cQBbbcCN3WPIsrYacQJV6eC9+BHIsa3tbQvXrcC94DGI8fRXcQ1hJeC1xnGIcniWdQk1tbCtVa6HciFgZQgCEdCRu5sHsBYzaQibScCBZZsHs8IDaQKJVdCVULSIsxEAbQ S_000001_000
LNeRbCFDCOIsArkdQIFeaCVN+QI8JxEdQ78NbClsdPIsmZSeQlY4aCZm5HIMqGfdQNzcbCtI7DI8NJ6dQfUIbCNy28HsDtodQc9obC1NJ8H8co9cQRLqZCVjX6H8gAjdQ99DZC9Rh3HssdKeQCsyaCtco1HMZ7kcQXktZCRgVxHspbCdQkCHaCh/UnH8vfSdQ4PFZCBrczH8HFOaQv0dZCZQgrHsEDqaQdTaZCxLdhH8LdbaQy25ZCJaRtHM+TRbQXP6ZCltz3HcO0abQLHiZCRhLAIc46BbQBrEZCpbS+HM99XaQNzsYCJEYCIs6m8ZQ99rZCBr8EIcJGYbQc9IaCxLdDIcy29bQU4SaCRf/7HMBWBcQAEuWCxC9+H8w0IcQtJUWC5XpzH8pmZbQe6acChFcEI8aV7dQ5HFbCVLUEIswBXeQqXkbCxwd3Hcrq6dQbWNZCtHUAIsv4WdQl3TbCp3pvH89OZcQQ82YCZAjwH84UzcQ3HvZCRKZmHc2PvdQE9yYClUSxH89WxZQUYsZC5/gbH8G2taQLsFZCZgAgHMEb+ZQMVWaCVh+FIcW6UcQ S_000001_000
LFD+gC5lueH8w1HlQAA8gCZQgcHssdwkQe+ehCd9oZHs8SVlQBWBhC9RhrH857JlQb8+gC5OfwHsvfelQGE0gCd8S8HsmZclQQgJgCtco9HcepTlQMdPhC99TBIMZ7MlQMI4hCd+eCI8HFWlQDCIgCtdeDIMCsGlQR2ygC9TNGIcxgKlQHaxgCdnPJIsWkdlQjXyeCNHaKI8Mz8jQRL6eC1h2MIMpwPkQktTfC99zKI8hWikQ+TlfCpEjFIMuegkQlYgfCtyhCIMAAOkQNzEfCd9IFIs8S7jQiW8eClYwCIsSMojQ3k4fC14l6H8NJSkQBWFgCBVj6Hc6mmkQWOAgC14FCIsmZwkQuzogCZa6sH8GAnlQejahCh6tvHcIwllQJQmcCRfm7HsYupkQVC/bCJj1EI88XbkQ950gCtwl/HcEoqlQ/+ShCtRg+HMYs/kQwthfCdU0FI8AnLlQWa7gChkZIIszO+kQbIOhC5vXJIcE1jlQkGreCRHqQIMACQkQsJpeCBL1EIMtxbjQ5QJfCBY49Hc3omjQJBPgC9SJ0HclQukQ S_000001_000
LJGgiCtxrDI8jCHlQyLhiCZPK/HMAA2kQGEEjCVNeEIcy2VlQ5lWiChALJIMCs6kQIwWiCdTCOIMAAGlQmuBiC1MTSIM/p4kQKxYhChpbQIsX6wkQBWZiC9owTIcjXkkQMd7iCFCMXIsCXpkQT3QhCJwqSI81jckQXk1hCBAgWIcMIYkQueshC1NpbIsBBgkQv0pgClYQPIMsyPjQW5ogCVj3TIs/UbjQSMcgCZkNYIcjXQjQiW0gC1NJUI8isvjQ9oAhC9SXPIMpw3jQY6ChCxggKI8fqtjQIF2gCFsSKIMDCYjQ+T1gClBhGI8OfLjQNeRhChrnGIckt7jQepXhCJwKJIMsyNkQmuNhCxggOI8kYMkQeLHiC5RkNIMaeTlQLa0iCpYCPIcqLJlQOH9hCBheVIM4jBlQnqjiCZPfQIMTedkQV71gCh7qUIM7JdkQ5i7hC54mWIsFvIkQCqxhC9TReIslqUkQLWhgCdTcPIMxtAjQEPbgC1atbIMycXjQS4TgCZV5XI8tTBjQ8CihCZNbHIMb1akQ S_000001_000
LmZijC57HYIsQgZkQzhujCFDCTIcc9OkQsHBkCtxLbIMCsmkQJGQjC557bIsQgHkQ7RFjCd8ShI8kYMkQQg1iC5O/jIMXP4jQMdPiCh/UhIcIwwjQb8SjCxKnjI8jCljQEY1jCRLSnIMoamjQsyNiCxLdhIMXPajQktziCpw1kIMtITjQf/oiCd8SqIcGESjQQgNiC56xbIstzRjQNeBiChWEbIsU48iQ673hChVueI8gAxiQZ7AiCJE4VIs++1iQktLiCRKcRIs++BjQy2JiC1NJNIs8S5iQbnXiCVjXSIstzXjQGEYiCpvfXI84lejQi7uiCdHUhIMoYXkQMqejCxgIjIsN7RkQ2luiCJJunIc4g7jQ4GejCle9fIct8jjQ/LzhCtBMjIczoVjQOV+iC5qjjI8sTFjQdtCjCN4bsIsOzUjQkE4hC1QSVIMmIniQK+eiCpvWPIMaJhjQaLgiCRwLYIMHetjQ S_000001_000
LU4ikChWklIsX6cjQOJukCFtIgI857jjQxgAlCx1DqIsQghjQW5YkCNyWlIcJGEjQTiRkCJFOqIsoF5iQU4GkCZPKpI857hiQcSgjCxgAmI8xLhiQ8nmkClYwlIMYlViQ7RJlClYwoIcktNiQLyijCR2OiIMueQiQpbKkCVMojIMmuDiQ9oAkCNyWnI8LdzhQmuRjCNzsOIsED+hQnvPjChrHTI8hWyhQHvUjCZPKYIsDt4hQKxcjCVOUYIsnvNiQ67fjCZ6GUIstzbiQdoZjC5O/OIsuJTiQShbjC98dKIc3keiQfUojCR14VIMUNwiQ2jqjCxKHbIcy2tiQVjjjC1MzcI8LdZiQ5r5jCdJHsI8H6/iQMRrkCZjcsIM695iQ8LCkCBelsIsPraiQKXxkCdA6iIct7eiQUdJjChxliIs1UHiQtiWkCduYgIM0T9hQEqZkCFnopIM/9whQU3JjCx4oSIcJEjhQvHXjClcAHIsTiXiQ7PhjCNXnKI8l+tiQMTwjCFOkdI8Lw5iQ S_000001_000
LEt4lCpwVmI8KHOiQiWAmCpFZjIcJGiiQNzUmCJaxqIs8SHiQ033lCR14hIstz7hQqxzlCpFZjI8z3lhQFuilCRhreIs/UZhQzM/kCZ5QcIMQ1khQXkBmCx1DaIsYQWhQ++dmCd9IbI80NFhQXk9kC9owWI8cofhQ78hlCx0tVIMAAQhQY6SlCJaRWI8Gv6gQbn/kCxLdTIcKczhQ+T1kCtyBOIsnvxhQVjrkChVOMIs78fhQCs2kCFZ7KI8OfDiQQgBlC9mENIcdTWiQdTClCFu+JIsTiniQZQMlCtHlSIcgVYiQtdKlCxKnVIsDtGiQROomCtqXNIscU6hQBIglCd2bmIM4zkhQm5PmClkdkIMmaghQufYlCVG9fIMwaLhQ4fRmC5HeZIcZjjhQjOikCpUEWIM9eYhQc7tlC9DJSIcvUShQJUqlCNMkXIczrxgQTLKlC93fLIMJc1iQ/B7kChXLGIc2WmiQznUlCRrGUIcqKmiQEwRlC1YaZIcmyHiQ S_000001_000
LjXCjCJbnCHcf/SiQnE7iCZ6mKHc14jiQGEgiC1Mz6Gs78NiQcSMjC13PJHc149hQgqVjCtz3DHsArqhQqxrjC5OfLHMEYbhQU4SkC5OfPH8jClhQb8SjCpZmVHMVjVhQOJ2iCRKcTHMW5EhQWOYkCNHaaHc5QfhQDX3jChWkcH825NhQDCIkCBBWZHs++5gQGZrkCJwKAIMQ16hQ1NxkClCX8Hc0imhQOJ+kCFXvBIMv0XhQzMrkC9TNyHs8ShhQpwdkC5QLsHcGEyhQIwWkCBBWvHM/pGiQgqdkCFXP6Hs++LiQmuZkC5lu+H8LddiQNeJkCJv0mHMtITiQc9IkClDteHMUNGiQxgUkCNHahHMpwxhQRSojCFtw9Gc7xthQq76iC5OQBH8WWkhQWD6lC1JahHsUYNiQtwLmC5PhwHstiDiQ+BzjCJInHH8tOOhQHtDjCxRMYH8MOihQhE1kChSLbHMXTZhQuJvjCpqIkHseiNhQbzTkCN8mfHsYnygQDWxkCRM+DI8GL9hQwMDlC9olAIctCJhQ8iClCRXfFI8VzbhQRuAkC5IeXHcAoKiQ S_000001_000
LutIiCZR1YH8ALChQQg4hCN9LcHsQIXhQ8svhCxIFSHs7RzgQOeTiC1Y3jHseH2gQxHtiCJ7tjHsAWjgQkA1iCxqFvH8TlcgQ0NLjCp+Z0Hca3tgQ68MiCZZh1HseiYgQDTUiCJeG9HM2bIgQvc0iC1Bc9HM5R0gQ+eGiCZoC7HMgAugQ4kuhCVnSCIs/rsgQUe4iCB7i+H8kBMhQ04DjC5rIEI8VoUhQoeMjCxu/HIsjsJhQYxFjCppSEIMXoqhQSt8iCZLEAI8uF4hQxV/iCJAqAIsbfLiQAxwiCVyS2H8fAuhQYSviCVP31H8AsYhQJLIjCNKFgH8sgmgQ9AeiC9LxfHMyGYgQe5GjC1mEvH8qtPgQbt1hC1SrwHczcUgQvt9iCJdBCI8NNtgQjs5hCltM2H88i4gQVJzhC9g6DIM2legQWPOjChNtHIMFDxhQM2piCN5/vHcfs2hQxBniCV8EvH8xCShQ S_000001_000
LP8YlC1i8PIsYMfeQpnDlCFT1KIMQiqeQyEBlCR8DUI88pGeQhsplCNhoSIM0SKfQNjMlCx3bUIcuBqfQQkTlCRZnRIseDKgQrRplC5DkMIsVbGgQpZrkCRqEQIssVWgQ1jZkCB8YUIc6AigQI6blChl0IIcTyVgQs+6kCVkfLIseZkgQQFQlCV9bNIce92gQRWvkCltKqH8ECegQ1a/kCl1RxH8e5rgQLUKlCVrc7HcBrogQ2GDlChpS+HsAPUgQmwykCZ143H8PKEgQGhokCN7RtHsFoJgQbeYkC9GMmHcoo3fQHyvkCF+i9HMHNifQnK+kCNliDIsqAsfQhbKlCdHDEIsRALgQNZQlClqSYIMJNufQjQvkCBmwTIsZRgfQ5gllCRz3TIs8NTgQS+VkCBItOIMHRMgQJG1lCVkzHIM6NegQeojkCpWCJIMxBogQgY+kCVZqMIcdhDhQjxDlClsnuHMnf6gQG9RkC9Q5eHMikAgQgQTkCJCRoHMu2ZfQO//kCxXeGIsTRXfQ S_000001_000
LYgqjCVvjWIM9TcgQ/pZjClDVTIc5PKgQBzsjC56dcIsrUagQYyOjCdALVIMOJxgQ++liCtd+SI8FZxgQ7RFiCpbSXIcep1gQBWJiCtcIZIcbnLhQ35XhCJaRVI84lygQWOIhCZm5WIMDCegQQ1ghC14FZIcGEWhQGZ/gCpF5XI8a8EhQT3sgC13vcIcPK+gQx1fhC1jiFI84l0hQaRahCdRWHIM8nghQzhahCVjXMI8FZZhQXkhhC9n6PI80NphQcSohCtcoOIcgV+hQqGnhCJwKJI8HFEiQW5shCFueHI8HFYiQjXuhC1iMTI8kYKiQuzrhC57HXIMCs8hQDCkhClsdVI8bSohQ9RgiCl8SRIcsgjgQpfkiC9oPQIchm8gQXmKiCB0SaIM87rgQ6pXhCxRXRIsY6zgQknbhCJPqcIMpCchQ7NqgCNecVI8ZHLhQVxigCZmVcIcQavgQTTVhCJhlEI8NxVhQsyrhCtWpDI8UVbiQmNyhClUEKIMQjjiQQ8uhClA5aIcLxAiQ S_000001_000
LCsCdChrHNI8yhKhQ1NpcCJbnIIsDtYhQO0KcCRf/OIciB5gQJbXdCBqGSIMnEZhQFuudClX6WIciBPhQbnXeCVNeaIMBWfhQIwqfC12ZYIMW5khQ67ndChrnaIcjX0hQf/kcChUYeIsoFzhQ7R5fChVOZI8d+6hQUNueCVNecIM7RDiQBr8eCxL9hI80NBiQ8S/fCZ78TIcNeFiQT3MgCJaxTIMCsaiQpwVgCRK8XIcxgkiQDXPgCBr8OIcMIkiQKcFgC9RhKIc2OZiQNzIgChp7FIMmujiQ67vfCBqmKIMVjDiQb8qfCR1YPI8eU6hQsvWeC97HWIcyXDhQCX7cC5NmYIMDEJhQF1phCh7AOIsyH/hQBXeeCxRDeIMgMZhQUsRdCxyCXIMXk3hQVKXgClgObI8XW9hQkIieCx9dbI8KISiQSaGeCJZvjIM889hQS7BgCl4jCIsBhciQdJSgCRg6FIcqsyiQdBifCJnSHIc/67hQjlYfC9InPIcUXrhQ S_000001_000
LlDNbCRgVdI8xL/hQKx4aCFDiXIMtI/hQ1NRaCFZbhIczM3hQpbibCpbyeIMShXiQY62bCNzMkIMQ1ciQbnPcChpbkI8NJ0iQ+TddCVjXhIMSh3iQBWRbC1NphI8a8CjQSMIaC5P1kIM+THjQ8nadC989eIsBBMjQvJJcCR14gIspbWjQjXacC5QrlIMZ7gjQQ1gdCBqGZIMaRKjQ3k4dCNdTWIcgVcjQtdGeCBWZYIMmutjQXk9dCV46QIMEYZjQDXvdCdSMOIcxgGjQe+2dCRgVJIMRLGjQ5lWdClCXRIssd0iQSMQdCd9oWIMtI3iQSYWaC5yRSI8RHWjQQbmcC1sZlIcwyTiQb4EbC5ddmI8nFaiQDLacChqKoI8MF4iQTe/aCFUQeI89d8iQKzLeC5URgI8JQUjQ5rwbCRWQeIsZTgjQqTmbCdW3nIczHhjQitMeCx4xOI8s8ljQk7KdCtxpPIcnpmiQoL/cCxRzYIsKyqiQ S_000001_000
LjXiWCB/puH8fqpRQiW8WCJwK5Hc0iMSQ8SnWCJbnsHMoaMQQoFZXC1islHc46ZSQbnHXC57naHchrPSQMIQXClBBVHsrHlTQBWZWCNJGaHsVOkUQfUoYC14lVHcv0NUQRLiZCluJOHcGEoTQ03/WCtxLZH8HF2VQwfSYCR14SHcdTqVQ78FYCpw1HHsTi5VQKx4XC9owuHsU4CZQDCsXCNdTkHMoa8YQEYdXCtxLfH857XYQHvcXCVMImHMUNuXQiBpXCBqGxHcNexXQAA4XC9Rh1HMEYhYQZ7EYCFZ7/HsSMoYQqxjXC57n1HMQ1gWQyLVXCVjXtHsX6uVQPfPXCltzjHcNeZWQPWNWCZSwZHc6f5RQ9KwXCxnlXHMogmRQHmGUCpi3vHsQgPXQ7SUUCBXGuH8kooYQvX+WCxmiNHsngeTQDz+YCpD4cHMwrHUQOTZWCNeNVHspCcWQ0V9YCtBwVHcEASWQkMqYCldvDHsaQSVQtutXCNhyfHchDWZQXvOYCNASBIcOVFZQ7hEYC5OeCIsfGQYQNOOXC98+tHscvwUQ S_000001_000
LUNGbCdnvQHsQglTQRLSbC9S3bHMAAITQpbybC5luHHcO06SQbnfbC13PQHsSMIVQHahbCZPKGHM7RxVQwfqbCtcoHHMW5QXQqGnaCNHaOH8EDyXQtI7cC1hWNHsWktXQx1DeCJxgGHM/pmXQVjHbCd8SUHsYQcYQW5gcClX6PHcxgkYQXkdcCBW5GHMVj/YQZQIbCFDCgHMCsSYQZQQbC99TnHsAr0YQIFWbCdoFkHMv0ZZQvJRbChU4xHsVOsYQIwKbCtIb1H8hWEYQx1LbCBAAAIsWk9XQCsCbCFXPuHs++BXQy2BbC5lujHcO0SXQeLsaCdWVCHMtgkVQB4RcCBaBCH8nLbVQOMmbC19nAH8snsXQQVDdCtnxTHcLkKXQTljaCFn8SH80W1YQGuFdCpVbVH82CxYQJLOdCtrNCH8FJ5YQwSHbCVLgBIcB2DXQRNRbC1WYCIc4jXYQTz9aCV75wHcGMHWQ2X8aCV9reHcnJjWQ S_000001_000
LR2efCZmZLHsrHNXQU4SfC5luTHs/ULWQiBNgCNHaCHM67/WQ9o4fCxLdRHs++RYQShDgCRgVLHcbn3YQNzIgCR0iSH8HFeZQ14FfCBqGZHcwKjZQf/sgC14laH84laZQZQUhC9owVH8HFmZQv0dfCtcojHcLyuZQ14dgCFZ7iH84l6ZQHahgCpbSfHMQ1kaQZ7MfCdTiFIc46JZQYljfC9mEDIcbnvZQXP6fCR1YGI8IbPaQv0lfCZ6m7HsrH1ZQpwNfC56R2HsuJRZQ6m0eCxLd6HcaRqYQzMzeCBB2CI8xLlYQwKfeC1jiFIsQgFYQXPieCNdTyH8isNYQe+ueCZQgpH8FZjYQFDKfCRgVrH8GvMZQPRWfCJ3iGHMaM8YQMedgCRHCHHcC0zYQqZMgCNTGOHsTr3ZQMRugClRUdHchP9YQnb8eCp0llH8wJIaQRzsgCdcwpHcDp2ZQW46gCFVwaHszSnaQ3LPfCV5cJIsx+IZQCWGgCpW7EIMzCraQDb4fCFKRKI87ILaQ+4meCxzViH8vUXYQ S_000001_000
LWOAiChWkaH8JxUZQY66hCVNedHsCXnYQO0iiCVjXTHspbiZQ7RFiC5kYlHc5QvZQJbPiCR14kHcepbaQzMTiCZPKwHMlYsaQxgshCd++1HcFuiaQQg1iCZkt2H84lWaQy2djCdoF0H8z3naQb82hCFZbAI8jCbaQU4miCBAABIMT3gaQcSwiCtyhCIc5QLbQXPmhCZPKCIcPKwZQWOghCJbnHIMQ1oZQEYphCZm5KIciBFaQc9QhCFCMJI8vfCZQDXHhCpZmFIs6mkYQ033gC55bHI8Ib/XQQ1MhClBBAIcwKrYQoachCViB9HciBRZQwx7iCxJsEIME9hYQKr4hCdcAhHcCpqaQ8dqiCliBhHc7QfaQWAXiCtG5vHMneLbQux0iCx+T1Hs3v3ZQqPohCVvhCIsTDxaQ/iyiCR7lDIMPdMaQOiLjCJg6AI8Q1TbQoXwgCtn7EIcSmRXQ6/zgCNnSLIMv/2XQfYFhCNY26H8o1UYQNmghCxxY1HMzoWZQ S_000001_000
LYlHjC9mECIcgVKeQmfmjCdWCBIcgVKeQc3PjCp47FIcgVKeQYlHjC9mECIcgVqdQKroiCZ3GDIcgVKeQUT/iCZqa8HcgVKeQYlHjC9mECIcgVqeQ S_000001_000
LjspiCpbySIsmZafQfkgiCVIkWIM4rffQzpAjCBhFUIMJrGfQRC+iChGBTIMVCzfQn0yiCBvAPI8UHVfQTvSiCRWfRIMEIufQ1WViC1wjSIM4wBfQ S_000001_000
LofIkCx7y/HcgVKeQqAYkCVst+HM4YkeQKwdkCNp/AI8nG2dQ S_000001_000
Lg+YjC94LKIcgVKeQeO1jCJnqLIcgVKeQpbGjC16ONIcgVKeQ S_000001_000
LYlHjC9mECIMtIHdQEHdjCZO+DIMih3cQ9vuiCRQPCIcZQ1cQ S_000001_000
LIrGiC9vPEIcgVKeQW16hCtvxHIcgVKeQ5SuhCFZ7BIcgVKeQ S_000001_000
LQM2iCxp6zHcgVKeQS8ZiCdN9wHcgVKeQHvIjCFm0tHcgVKeQ S_000001_000
LYlHjC9mECIsTiNfQcgyiCVS+AI8w8hfQt4hjCFyFCIc7OdfQ S_000001_000
LAiWiC1/taIs+flfQ3EpiCtBxdIs+flfQDS6hCBuMcIs+flfQ S_000001_000
L/5ZjCJ6gVI8b+weQbgkjCFfOTIcg0aeQYZsjC5LkYIslRweQ S_000001_000
LJaUjCRPRTIcXEHgQsaZjCVyQWIMSSQgQ6OnjCV4iQIcOSMgQ S_000001_000
LF38iCd32KIcOTPfQcwPjC5WFKIcEA4eQUTBjCBR/HIMBGjfQ S_000001_000
LHf5hCJ9DQIsY6BgQoJrhCxYMSIMDbMgQFLlhC1gWNIMsX8fQ S_000001_000
L8++hCFoTSIceqmeQsXDiCNZOUI8ShMeQOjghCJ6/RIs6GpeQ S_000001_000
SCORE:   352.185    -44.680    355.398           0.650          1.608                   -0.291    -57.956      2.661     11.000         12.926              0.000              3.111     -35.637        -2.833           24.109            -0.226            -2.069     -32.797     68.120        -2.000            0.000      41.400         0.000         9.690                0.000 17707.131          4      0.513       7.116    S_000002_000
RES_NUM R:108-111 R:133-137 R:181-182 R:186-187 R:189-190 R:210-213 R:1001-1002 R:1005-1009 w:1001-1007 S_000002_000
FOLD_TREE  EDGE 1 4 -1  JEDGE 1 16 1 C4 C4  INTRA_RES_STUB  JEDGE 16 15 6 C4 C2  INTRA_RES_STUB  EDGE 15 14 -1  EDGE 16 19 -1  JEDGE 15 13 2 C2 C4  INTRA_RES_STUB  JEDGE 14 5 3 C2 C4  INTRA_RES_STUB  JEDGE 13 20 4 C4 MG  INTRA_RES_STUB  JEDGE 5 10 5 C4 C4  INTRA_RES_STUB  JEDGE 20 22 7 MG O  INTRA_RES_STUB  JEDGE 20 23 8 MG O  INTRA_RES_STUB  JEDGE 20 24 9 MG O  INTRA_RES_STUB  JEDGE 20 25 10 MG O  INTRA_RES_STUB  JEDGE 20 26 11 MG O  INTRA_RES_STUB  JEDGE 20 27 12 MG O  INTRA_RES_STUB  EDGE 5 9 -1  EDGE 10 11 -1  EDGE 13 12 -1  EDGE 20 21 -1  JEDGE 21 28 13 MG O  INTRA_RES_STUB  JEDGE 21 29 14 MG O  INTRA_RES_STUB  JEDGE 21 30 15 MG O  INTRA_RES_STUB  JEDGE 21 31 16 MG O  INTRA_RES_STUB  JEDGE 21 32 17 MG O  INTRA_RES_STUB  JEDGE 21 33 18 MG O  INTRA_RES_STUB  S_000002_000
RT 0.0914936 0.981607 -0.16756 0.887703 -0.156645 -0.43295 -0.451235 -0.109131 -0.885707 9.0618 -10.6111 -7.08643   S_000002_000
RT 0.525558 -0.830129 -0.186214 -0.837917 -0.542959 0.0555906 -0.147254 0.126816 -0.980935 -3.68976 -4.69887 6.73067   S_000002_000
RT -0.797144 0.600152 -0.06617 0.590299 0.751602 -0.29435 -0.126921 -0.273699 -0.953404 7.85127 -3.55737 -2.99027   S_000002_000
RT -0.450835 -0.672436 0.587008 0.101972 -0.692126 -0.714537 0.886764 -0.26228 0.380604 2.8484 9.82942 -4.7471   S_000002_000
RT 0.535963 0.594764 -0.599165 0.740279 -0.67228 -0.00515027 -0.40587 -0.440789 -0.800609 2.56014 -10.2489 -10.4662   S_000002_000
RT 0.723713 0.683885 -0.0924138 0.651728 -0.721348 -0.234324 -0.226913 0.109354 -0.967756 31.8516 -2.3282 -1.4226   S_000002_000
RT 0.554033 -0.830709 0.0544987 -0.682689 -0.415897 0.600804 -0.476427 -0.370071 -0.797537 -2.1 5.21805e-15 -4.10783e-15   S_000002_000
RT 0.790796 0.612079 0 -0.479411 0.619392 0.621706 0.380533 -0.491643 0.783251 1.89848e-14 1.64483 -1.30558   S_000002_000
RT 0.360468 0.654409 0.664689 -0.294998 -0.596039 0.746802 0.884895 -0.46528 -0.0218038 -0 -1.30558 -1.64483   S_000002_000
RT -0.612079 0.790796 3.03193e-15 -0.619392 -0.479411 0.621706 0.491643 0.380533 0.783251 2.1 -9.99201e-15 7.88258e-15   S_000002_000
RT -0.790796 -0.612079 0 0.479411 -0.619392 0.621706 -0.380533 0.491643 0.783251 -2.07612e-14 -1.64483 1.30558   S_000002_000
RT -0.532844 -0.711707 0.457766 0.217258 0.407767 0.886862 -0.817848 0.572013 -0.0626523 0 1.30558 1.64483   S_000002_000
RT -0.376306 0.71428 -0.590083 0.368857 -0.468748 -0.802633 -0.849905 -0.519692 -0.0870743 1.83819 -0.879544 0.507388   S_000002_000
RT 0.073127 0.860316 0.504489 -0.921871 -0.134698 0.363331 0.380533 -0.491643 0.783251 0.790877 0.582049 -1.85627   S_000002_000
RT -0.877823 -0.295961 0.376608 -0.198074 0.940184 0.277166 -0.436111 0.168706 -0.883937 0.636831 1.81594 0.840729   S_000002_000
RT 0.828849 -0.161628 0.535617 0.116247 0.98622 0.117714 -0.547262 -0.0353027 0.836216 -1.83819 0.879544 -0.507388   S_000002_000
RT -0.535093 -0.732295 -0.421212 0.342267 -0.643766 0.684412 -0.772353 0.222057 0.595114 -0.790877 -0.582049 1.85627   S_000002_000
RT 0.162976 0.444053 -0.881054 0.790033 -0.59365 -0.153061 -0.591004 -0.671117 -0.447567 -0.636831 -1.81594 -0.840729   S_000002_000
ANNOTATED_SEQUENCE: g[RGU:Virtual_Phosphate:BlockStackBelow]cgg[RGU:BlockStackAbove]a[RAD:Virtual_Phosphate:BlockStackBelow]guac[RCY:BlockStackAbove]g[RGU:Virtual_Phosphate:BlockStackBelow]ua[RAD:Virtual_Phosphate]ac[RCY:Virtual_Phosphate:BlockStackBelow]u[URA:BlockStackAbove]a[RAD:Virtual_Phosphate:BlockStackBelow]cgc[RCY:BlockStackAbove]Z[MG]Z[MG]wwwwwwwww[HOH:VirtualWater]www S_000002_000
LBrAgCZljyI8EDyVQy2RfCxL9tIMUNOVQBrUfC5lu3IsAr8VQueUgCpF5wIc0iMXQT30gCNJG0I8LdzXQgqJhC13PxIc5QfYQHvkhC9n6sIMQ1QYQLyqgCJGkuIs++9YQfUYgCFueyIsTiZZQIFihC14loI8HFuYQ9oIhCxfqqI8hWUZQJbjhCRhLtIcFuyZQbnPhCRKcUIMpwxYQy2lhCpGvXIc0iMZQ++5hC1MTVIMT3sZQSMohCBAAdIcPKIZQOJShCpGveI8fqlYQnE7gCZ5wbIc0iIYQsH5gCd9IWIc46NYQaRmgChVuSIsDtwXQZ7ogCFYFfIsVOUXQ1N1gCJE4jI8fqpXQwfOhCVN+jIMW5YYQ81KhC1j70I8DyIXQmAogCRNc3I8A4DYQ3ZXiCVR6eIMRoSWQ2npiCBHJYIsqgcXQffbhCR1zzIMs9uYQmnUgCxJtsI8ZktYQ68+hClImnIs3Y3YQMz4gChusnIsVahZQZWThCVdCwIsg8AaQ7gPhCh2mQIMtU4YQAkKiCVTaXIszdBaQQO4hCFHaRIcFDwZQuLtgC1LGnI8FwJXQ S_000002_000
LDXXfClYQxIchrvZQFDaeCNHavIcIwOZQW5AfCx0t1Is9oMaQGZzfCdnPsIsSMMaQ++5eCNJGoIsEDWaQ99rfCBVjjIMv0paQktPgCVN+gI83PJaQue0eC1NJfIstz7aQxgYeChrngIM7RlbQ++NgCR1YbIMnEPaQCsyfCd+eaIcIw6aQ14ZgCRLyaI8fqZbQ2OvfCdR2YI8gArZQamxfCJaRTIMT3oZQqxLgCR2uQIM+TFaQ++JfCVO0QIMYlHZQy2heClupTIMEYpYQiW8dCRK8QIsZmJYQkCfeC1hWZIsU4qYQtdGfC56xbI825LZQRyOeCRbcpI83DqaQrjdeC1L7mIcqt7ZQ45IgClXAlIMW8/aQSzDeCNsieIclooaQ3YrgCxDCaIstpPaQByUfCRSDXI8e/8aQlOkgCJyKXI8D6fbQSSedCpu3SIsLrlXQj8+dC9eBNIMyGJYQ+mBeCh1abIMNqUYQ/UFfCNPsfIMUkNZQ S_000002_000
LMdDdCpEDeIMoa4bQTiBcCVO0dI84lWbQsH1cCR2ugIs78hcQEYddCls9XIMoaAcQlDVeCNepWIc14hcQqxbeCJwqQI8w1jcQoa0eCdSsOIsmZ6bQxgIdC9owNIMAAscQDC0cCNJGOIsnvXdQNzMeCd9oJIs/UzbQR2edCNzMIIs9occQDXXeCx1jFIsuJ5cQHvEcCxLd/H8xL1ZQXPqcCd8S7HsrHZaQb8qcCV3kwHM/paaQtILdCNJmAIs9o4aQhADdCR14FIsDtwaQqGfcCpbSIIslDNaQoa8bCtcIFIsSMsZQNeZbCpEjGIMXPKZQIwicCZ5wNI8eUQaQoFJdCpZmOI8Jx0aQOJedClBBKIMCsKbQcFNfCtDRYIcvXccQAI+dCZeFYIctu8cQ4rHfCpesPIc624cQBbbcCN3WPIsrYacQJV6eC9+BHIsa3tbQvXrcC94DGI8fRXcQyUJeCdzmGIsTjWdQk1tbCtVa6HciFgZQgCEdCRu5sHsBYzaQibScCBZZsHs8IDaQKJVdCVULSIsxEAbQ S_000002_000
LNeRbCFDCOIsArkdQIFeaCVN+QI8JxEdQ78NbClsdPIsmZSeQlY4aCZm5HIMqGfdQNzcbCtI7DI8NJ6dQfUIbCNy28HsDtodQc9obC1NJ8H8co9cQRLqZCVjX6H8gAjdQ99DZC9Rh3HssdKeQCsyaCtco1HMZ7kcQXktZCRgVxHspbCdQkCHaCh/UnH8vfSdQ4PFZCBrczH8HFOaQv0dZCZQgrHsEDqaQdTaZCxLdhH8LdbaQy25ZCJaRtHM+TRbQXP6ZCltz3HcO0abQLHiZCRhLAIc46BbQBrEZCpbS+HM99XaQNzsYCJEYCIs6m8ZQ99rZCBr8EIcJGYbQc9IaCxLdDIcy29bQU4SaCRf/7HMBWBcQAEuWCxC9+H8w0IcQtJUWC5XpzH8pmZbQe6acChFcEI8aV7dQ5HFbCVLUEIswBXeQqXkbCxwd3Hcrq6dQbWNZCtHUAIsv4WdQl3TbCp3pvH89OZcQQ82YCZAjwH84UzcQKjvZCh5amH8WWvdQE9yYClUSxH89WxZQUYsZC5/gbH8G2taQLsFZCZgAgHMEb+ZQMVWaCVh+FIcW6UcQ S_000002_000
LFD+gC5lueH8w1HlQAA8gCZQgcHssdwkQe+ehCd9oZHs8SVlQBWBhC9RhrH857JlQb8+gC5OfwHsvfelQGE0gCd8S8HsmZclQQgJgCtco9HcepTlQMdPhC99TBIMZ7MlQMI4hCd+eCI8HFWlQDCIgCtdeDIMCsGlQR2ygC9TNGIcxgKlQHaxgCdnPJIsWkdlQjXyeCNHaKI8Mz8jQRL6eC1h2MIMpwPkQktTfC99zKI8hWikQ+TlfCpEjFIMuegkQlYgfCtyhCIMAAOkQNzEfCd9IFIs8S7jQiW8eClYwCIsSMojQ3k4fC14l6H8NJSkQBWFgCBVj6Hc6mmkQWOAgC14FCIsmZwkQuzogCZa6sH8GAnlQejahCh6tvHcIwllQJQmcCRfm7HsYupkQVC/bCJj1EI88XbkQ950gCtwl/HcEoqlQ/+ShCtRg+HMYs/kQwthfCdU0FI8AnLlQWa7gChkZIIszO+kQvVOhCNgfJIcjhjlQkGreCRHqQIMACQkQsJpeCBL1EIMtxbjQ5QJfCBY49Hc3omjQJBPgC9SJ0HclQukQ S_000002_000
LJGgiCtxrDI8jCHlQyLhiCZPK/HMAA2kQGEEjCVNeEIcy2VlQ5lWiChALJIMCs6kQIwWiCdTCOIMAAGlQmuBiC1MTSIM/p4kQKxYhChpbQIsX6wkQBWZiC9owTIcjXkkQMd7iCFCMXIsCXpkQT3QhCJwqSI81jckQXk1hCBAgWIcMIYkQueshC1NpbIsBBgkQv0pgClYQPIMsyPjQW5ogCVj3TIs/UbjQSMcgCZkNYIcjXQjQiW0gC1NJUI8isvjQ9oAhC9SXPIMpw3jQY6ChCxggKI8fqtjQIF2gCFsSKIMDCYjQ+T1gClBhGI8OfLjQNeRhChrnGIckt7jQepXhCJwKJIMsyNkQmuNhCxggOI8kYMkQeLHiC5RkNIMaeTlQLa0iCpYCPIcqLJlQOH9hCBheVIM4jBlQnqjiCZPfQIMTedkQV71gCh7qUIM7JdkQ5i7hC54mWIsFvIkQDqxhC9TReIslqUkQLWhgCdTcPIMxtAjQEPbgC1atbIMycXjQS4TgCZV5XI8tTBjQ8CihCZNbHIMb1akQ S_000002_000
LmZijC57HYIsQgZkQzhujCFDCTIcc9OkQsHBkCtxLbIMCsmkQJGQjC557bIsQgHkQ7RFjCd8ShI8kYMkQQg1iC5O/jIMXP4jQMdPiCh/UhIcIwwjQb8SjCxKnjI8jCljQEY1jCRLSnIMoamjQsyNiCxLdhIMXPajQktziCpw1kIMtITjQf/oiCd8SqIcGESjQQgNiC56xbIstzRjQNeBiChWEbIsU48iQ673hChVueI8gAxiQZ7AiCJE4VIs++1iQktLiCRKcRIs++BjQy2JiC1NJNIs8S5iQbnXiCVjXSIstzXjQGEYiCpvfXI84lejQi7uiCdHUhIMoYXkQMqejCxgIjIsN7RkQ2luiCJJunIc4g7jQ4GejCle9fIct8jjQ/LzhCtBMjIczoVjQOV+iC5qjjI8sTFjQ6UCjCRwbsIMhmVjQkE4hC1QSVIMmIniQK+eiCpvWPIMaJhjQaLgiCRwLYIMHetjQ S_000002_000
LU4ikChWklIsX6cjQOJukCFtIgI857jjQxgAlCx1DqIsQghjQW5YkCNyWlIcJGEjQTiRkCJFOqIsoF5iQU4GkCZPKpI857hiQcSgjCxgAmI8xLhiQ8nmkClYwlIMYlViQ7RJlClYwoIcktNiQLyijCR2OiIMueQiQpbKkCVMojIMmuDiQ9oAkCNyWnI8LdzhQmuRjCNzsOIsED+hQnvPjChrHTI8hWyhQHvUjCZPKYIsDt4hQKxcjCVOUYIsnvNiQ67fjCZ6GUIstzbiQdoZjC5O/OIsuJTiQShbjC98dKIc3keiQfUojCR14VIMUNwiQ2jqjCxKHbIcy2tiQVjjjC1MzcI8LdZiQ5r5jCdJHsI8H6/iQMRrkCZjcsIM695iQ8LCkCBelsIsPraiQKXxkCdA6iIct7eiQUdJjChxliIs1UHiQtiWkCduYgIM0T9hQnBJkC9e2lIckmlhQU3JjCx4oSIcJEjhQvHXjClcAHIsTiXiQ7PhjCNXnKI8l+tiQMTwjCFOkdI8Lw5iQ S_000002_000
LEt4lCpwVmI8KHOiQiWAmCpFZjIcJGiiQNzUmCJaxqIs8SHiQ033lCR14hIstz7hQqxzlCpFZjI8z3lhQFuilCRhreIs/UZhQzM/kCZ5QcIMQ1khQXkBmCx1DaIsYQWhQ++dmCd9IbI80NFhQXk9kC9owWI8cofhQ78hlCx0tVIMAAQhQY6SlCJaRWI8Gv6gQbn/kCxLdTIcKczhQ+T1kCtyBOIsnvxhQVjrkChVOMIs78fhQCs2kCFZ7KI8OfDiQQgBlC9mENIcdTWiQdTClCFu+JIsTiniQZQMlCtHlSIcgVYiQtdKlCxKnVIsDtGiQROomCtqXNIscU6hQBIglCd2bmIM4zkhQm5PmClkdkIMmaghQufYlCVG9fIMwaLhQ4fRmC5HeZIcZjjhQjOikCpUEWIM9eYhQc7tlC9DJSIcvUShQNxJlCpExSIcob1gQTLKlC93fLIMJc1iQ/B7kChXLGIc2WmiQznUlCRrGUIcqKmiQEwRlC1YaZIcmyHiQ S_000002_000
LjXCjCJbnCHcf/SiQnE7iCZ6mKHc14jiQGEgiC1Mz6Gs78NiQcSMjC13PJHc149hQgqVjCtz3DHsArqhQqxrjC5OfLHMEYbhQU4SkC5OfPH8jClhQb8SjCpZmVHMVjVhQOJ2iCRKcTHMW5EhQWOYkCNHaaHc5QfhQDX3jChWkcH825NhQDCIkCBBWZHs++5gQGZrkCJwKAIMQ16hQ1NxkClCX8Hc0imhQOJ+kCFXvBIMv0XhQzMrkC9TNyHs8ShhQpwdkC5QLsHcGEyhQIwWkCBBWvHM/pGiQgqdkCFXP6Hs++LiQmuZkC5lu+H8LddiQNeJkCJv0mHMtITiQc9IkClDteHMUNGiQxgUkCNHahHMpwxhQRSojCFtw9Gc7xthQq76iC5OQBH8WWkhQWD6lC1JahHsUYNiQtwLmC5PhwHstiDiQ+BzjCJInHH8tOOhQHtDjCxRMYH8MOihQhE1kChSLbHMXTZhQuJvjCpqIkHseiNhQDxyjCR95UHsboygQDWxkCRM+DI8GL9hQwMDlC9olAIctCJhQ8iClCRXfFI8VzbhQRuAkC5IeXHcAoKiQ S_000002_000
LurJiCp9OZHs4iBhQEB4hC1uXcHs4VWhQlOxhCZq7SHcjqxgQp2WiCBfXkHs6f2gQnIriC5cTkHsfJigQzxviCtOsvHccxagQ6FHjCBnc1HckGrgQwAGiCVzk1HsV3XgQ8CKiC9UT9Hs8vHgQebuiCxG/9HcRrygQVhAiCx066Hc+ktgQqQmhCduCCIcaEtgQz30iCxF6+HscUKhQudDjCpkMEI8CzShQA+MjCVpAIIMsyHhQkaHjC9+REIcEvohQBf9iCZWGAIs1Q2hQfKCjChnnAIscmJiQDNuiCBjn2HMjUshQHsqiC9fU2HcTDXhQYNHjC923gHMiejgQ3jZiC1fMgHMWGYgQp6/iCpbxvH8nVNgQCfvhCtjbwHMERUgQrL1iCBqZCIMrrrgQjD2hCFA31HsIW4gQ/FLhCxhIBIsZHmgQeJSjCh2mHIMXDvhQOhmiCRfZwH8JE1hQ7JgiClctvH8PgQhQ S_000002_000
LZ6XlCVP5QIsW7WeQU/0kCNYBPI8Ib6dQ83ilChwqWI8PYYeQDFNlCxBAPI8hZGfQ1XLlCZ9uSIMJmofQKKQlCJ1AQIc3sJgQ7JilCBgtKIc/xGgQj8mkCxjBPIcACWgQBbYkCJlmTI8cRhgQIwRlCR4OHIcbQWgQ74ykC9bXKIM6hkgQsPJlCJ5JMIcg+2gQN+gkCNKOnHcbycgQCA1kChEztH81aqgQRwAlCRW83HMLrngQ6t1kCpBa7HMFEUgQxDhkC5Ym1HM8UEgQBXWkC9x8qHM0NJgQEYCkC1DZkH8FS3fQw9akCdHz7HM6SkfQXzrkCpxhCIsMcufQ8l8kCNVsCIs0gLgQhgilClGWVI8LHlfQK3vkCp7mUI8dwnfQhljlCtVISIMJpSgQ2nQkCxF3NIsTCMgQfrplC5H6FI8u5egQPxZkCF0NIIs5UogQ5a6kCt02KIcYxDhQt/7kClFtqH8xZ4gQ3v7jCNUCdH8L7/fQqX6jCN56mHcItafQPWskC12lFIc+2afQ S_000002_000
LaxqjClVNWIclobgQxiXjCRLFTI8V4JgQBxwjCNREcIM6NZgQAtOjC5KMVIsBswgQ++liCtd+SI8FZxgQ7RFiCpbSXIcep1gQBWJiCtcIZIcbnLhQ35XhCJaRVI84lygQWOIhCZm5WIMDCegQQ1ghC14FZIcGEWhQGZ/gCpF5XI8a8EhQT3sgC13vcIcPK+gQx1fhC1jiFI84l0hQaRahCdRWHIM8nghQzhahCVjXMI8FZZhQXkhhC9n6PI80NphQcSohCtcoOIcgV+hQqGnhCJwKJI8HFEiQW5shCFueHI8HFYiQjXuhC1iMTI8kYKiQuzrhC57HXIMCs8hQDCkhClsdVI8bSohQV5fiCFcPRI8QqjgQB8kiCZUSQIsmx8gQXmKiCB0SaIM87rgQ6pXhCxRXRIsY6zgQknbhCJPqcIMpCchQ7NqgCNecVI8ZHLhQZKjgCBsWcIslVvgQTTVhCJhlEI8NxVhQsyrhCtWpDI8UVbiQmNyhClUEKIMQjjiQQ8uhClA5aIcLxAiQ S_000002_000
LCsCdChrHNI8yhKhQ1NpcCJbnIIsDtYhQO0KcCRf/OIciB5gQJbXdCBqGSIMnEZhQFuudClX6WIciBPhQbnXeCVNeaIMBWfhQIwqfC12ZYIMW5khQ67ndChrnaIcjX0hQf/kcChUYeIsoFzhQ7R5fChVOZI8d+6hQUNueCVNecIM7RDiQBr8eCxL9hI80NBiQ8S/fCZ78TIcNeFiQT3MgCJaxTIMCsaiQpwVgCRK8XIcxgkiQDXPgCBr8OIcMIkiQKcFgC9RhKIc2OZiQNzIgChp7FIMmujiQ67vfCBqmKIMVjDiQb8qfCR1YPI8eU6hQsvWeC97HWIcyXDhQCX7cC5NmYIMDEJhQF1phCh7AOIsyH/hQBXeeCxRDeIMgMZhQUsRdCxyCXIMXk3hQVKXgClgObI8XW9hQkIieCx9dbI8KISiQlcGeCxSvjIcs59hQS7BgCl4jCIsBhciQdJSgCRg6FIcqsyiQdBifCJnSHIc/67hQjlYfC9InPIcUXrhQ S_000002_000
LlDNbCRgVdI8xL/hQKx4aCFDiXIMtI/hQ1NRaCFZbhIczM3hQpbibCpbyeIMShXiQY62bCNzMkIMQ1ciQbnPcChpbkI8NJ0iQ+TddCVjXhIMSh3iQBWRbC1NphI8a8CjQSMIaC5P1kIM+THjQ8nadC989eIsBBMjQvJJcCR14gIspbWjQjXacC5QrlIMZ7gjQQ1gdCBqGZIMaRKjQ3k4dCNdTWIcgVcjQtdGeCBWZYIMmutjQXk9dCV46QIMEYZjQDXvdCdSMOIcxgGjQe+2dCRgVJIMRLGjQ5lWdClCXRIssd0iQSMQdCd9oWIMtI3iQSYWaC5yRSI8RHWjQQbmcC1sZlIcwyTiQb4EbC5ddmI8nFaiQDLacChqKoI8MF4iQTe/aCFUQeI89d8iQKzLeC5URgI8JQUjQ5rwbCRWQeIsZTgjQwtlbCZUznIsHphjQitMeCx4xOI8s8ljQk7KdCtxpPIcnpmiQoL/cCxRzYIsKyqiQ S_000002_000
LjXiWCB/puH8fqpRQiW8WCJwK5Hc0iMSQ8SnWCJbnsHMoaMQQoFZXC1islHc46ZSQbnHXC57naHchrPSQMIQXClBBVHsrHlTQBWZWCNJGaHsVOkUQfUoYC14lVHcv0NUQRLiZCluJOHcGEoTQ03/WCtxLZH8HF2VQwfSYCR14SHcdTqVQ78FYCpw1HHsTi5VQKx4XC9owuHsU4CZQDCsXCNdTkHMoa8YQEYdXCtxLfH857XYQHvcXCVMImHMUNuXQiBpXCBqGxHcNexXQAA4XC9Rh1HMEYhYQZ7EYCFZ7/HsSMoYQqxjXC57n1HMQ1gWQyLVXCVjXtHsX6uVQPfPXCltzjHcNeZWQPWNWCZSwZHc6f5RQ9KwXCxnlXHMogmRQHmGUCpi3vHsQgPXQ7SUUCBXGuH8kooYQvX+WCxmiNHsngeTQDz+YCpD4cHMwrHUQOTZWCNeNVHspCcWQ0V9YCtBwVHcEASWQ47pYCtbvDHMUBSVQtutXCNhyfHchDWZQXvOYCNASBIcOVFZQ7hEYC5OeCIsfGQYQNOOXC98+tHscvwUQ S_000002_000
LUNGbCdnvQHsQglTQRLSbC9S3bHMAAITQpbybC5luHHcO06SQbnfbC13PQHsSMIVQHahbCZPKGHM7RxVQwfqbCtcoHHMW5QXQqGnaCNHaOH8EDyXQtI7cC1hWNHsWktXQx1DeCJxgGHM/pmXQVjHbCd8SUHsYQcYQW5gcClX6PHcxgkYQXkdcCBW5GHMVj/YQZQIbCFDCgHMCsSYQZQQbC99TnHsAr0YQIFWbCdoFkHMv0ZZQvJRbChU4xHsVOsYQIwKbCtIb1H8hWEYQx1LbCBAAAIsWk9XQCsCbCFXPuHs++BXQy2BbC5lujHcO0SXQeLsaCdWVCHMtgkVQB4RcCBaBCH8nLbVQOMmbC19nAH8snsXQQVDdCtnxTHcLkKXQTljaCFn8SH80W1YQGuFdCpVbVH82CxYQZTPdCF7VCHsR35YQwSHbCVLgBIcB2DXQRNRbC1WYCIc4jXYQTz9aCV75wHcGMHWQ2X8aCV9reHcnJjWQ S_000002_000
LR2efCZmZLHsrHNXQU4SfC5luTHs/ULWQiBNgCNHaCHM67/WQ9o4fCxLdRHs++RYQShDgCRgVLHcbn3YQNzIgCR0iSH8HFeZQ14FfCBqGZHcwKjZQf/sgC14laH84laZQZQUhC9owVH8HFmZQv0dfCtcojHcLyuZQ14dgCFZ7iH84l6ZQHahgCpbSfHMQ1kaQZ7MfCdTiFIc46JZQYljfC9mEDIcbnvZQXP6fCR1YGI8IbPaQv0lfCZ6m7HsrH1ZQpwNfC56R2HsuJRZQ6m0eCxLd6HcaRqYQzMzeCBB2CI8xLlYQwKfeC1jiFIsQgFYQXPieCNdTyH8isNYQe+ueCZQgpH8FZjYQFDKfCRgVrH8GvMZQPRWfCJ3iGHMaM8YQMedgCRHCHHcC0zYQqZMgCNTGOHsTr3ZQMRugClRUdHchP9YQnb8eCp0llH8wJIaQRzsgCdcwpHcDp2ZQW46gCFVwaHszSnaQ3LPfCV5cJIsx+IZQCWGgCpW7EIMzCraQDb4fCFKRKI87ILaQ+4meCxzViH8vUXYQ S_000002_000
LWOAiChWkaH8JxUZQY66hCVNedHsCXnYQO0iiCVjXTHspbiZQ7RFiC5kYlHc5QvZQJbPiCR14kHcepbaQzMTiCZPKwHMlYsaQxgshCd++1HcFuiaQQg1iCZkt2H84lWaQy2djCdoF0H8z3naQb82hCFZbAI8jCbaQU4miCBAABIMT3gaQcSwiCtyhCIc5QLbQXPmhCZPKCIcPKwZQWOghCJbnHIMQ1oZQEYphCZm5KIciBFaQc9QhCFCMJI8vfCZQDXHhCpZmFIs6mkYQ033gC55bHI8Ib/XQQ1MhClBBAIcwKrYQoachCViB9HciBRZQwx7iCxJsEIME9hYQKr4hCdcAhHcCpqaQ8dqiCliBhHc7QfaQWAXiCtG5vHMneLbQux0iCx+T1Hs3v3ZQqPohCVvhCIsTDxaQ/iyiCR7lDIMPdMaQ06LjCVv/AIcujTbQoXwgCtn7EIcSmRXQ6/zgCNnSLIMv/2XQfYFhCNY26H8o1UYQNmghCxxY1HMzoWZQ S_000002_000
LYlHjC9mECIcgVKeQATjjC9mEAIcgVKeQYlXjC5TiFIcgVKeQYlHjC9mECIcgVqdQw3riC9mEEIcgVKeQYl3iC5zN9HcgVKeQYlHjC9mECIcgVqeQ S_000002_000
LjspiCpbySIsmZafQBiViCt8OVI85tpfQ2e4iCN28VI8BjNfQkq9iCtm6SIMkYzfQF39iCl6VQIMTFLfQQ6aiCJBoPIMLQnfQhuViCpQqSI8oaBfQ S_000002_000
L/xBkCdnv7HcgVKeQXIUkCpFN7HMExieQBGRkC55L4H8u8zdQ S_000002_000
LyLpjCxLWJIcgVKeQRiHkC5L3JIcgVKeQLldjCx94MIcgVKeQ S_000002_000
LYlHjC9mECIMtIHdQEHdjCZO+DIMih3cQ9vuiCRQPCIcZQ1cQ S_000002_000
LyYNiCJaRGIcgVKeQxQJiCBOEKIcgVKeQiCxhCVl0EIcgVKeQ S_000002_000
L++liCNEm1HcgVKeQfoHiC9Dk0HcgVKeQllxiCNgguHcgVKeQ S_000002_000
LYlHjC9mECIsTiNfQmDviCR41AI8RBdfQQefjCNf8AIMMdefQ S_000002_000
LbW/hChH7XIcPk6fQ9jqhCxhZXIMVVIgQla4hCVuVbIcylufQ S_000002_000
LyvIjCNgbZI8Ma/eQRGnjCVg8ZI8Ma/eQLJ9iCNS+cI8Ma/eQ S_000002_000
LZoTjCBmDTIstbHgQTEQjC12+UIsIjUgQCmujCB6RRIMG9IgQ S_000002_000
LqCUjC1vpNIs9O6eQ3SQjCxq2JI8vQ5eQ9cxjCttIOIsW3BfQ S_000002_000
LUpKiCJXJMIcAZ1fQCc2hCpuSMIcKMGgQJ+/hCtsZJI8N5ifQ S_000002_000
Lsw/hCVRhSI8x7leQ5hkhCtczQIcWzoeQT55hC5lsVI8A4VeQ S_000002_000
SCORE:   350.018    -53.860    356.050           0.739          5.241                    3.240    -58.885      3.170      6.000         18.978              0.000              3.426     -38.388        -3.550           29.637            -0.226            -2.405     -39.624     79.040         0.000            0.000      41.400         0.000         0.000                0.034 20599.740          1      0.621       0.621    S_000003_000
RES_NUM R:108-111 R:133-137 R:181-187 R:189-190 R:210-213 R:1001-1002 R:1005-1009 w:1001-1007 S_000003_000
FOLD_TREE  EDGE 1 4 -1  JEDGE 1 19 1 C4 C4  INTRA_RES_STUB  JEDGE 19 18 6 C4 C2  INTRA_RES_STUB  EDGE 18 17 -1  EDGE 19 22 -1  JEDGE 18 16 2 C2 C4  INTRA_RES_STUB  JEDGE 17 5 3 C2 C4  INTRA_RES_STUB  JEDGE 16 23 4 C4 MG  INTRA_RES_STUB  JEDGE 5 10 5 C4 C4  INTRA_RES_STUB  JEDGE 23 25 7 MG O  INTRA_RES_STUB  JEDGE 23 26 8 MG O  INTRA_RES_STUB  JEDGE 23 27 9 MG O  INTRA_RES_STUB  JEDGE 23 28 10 MG O  INTRA_RES_STUB  JEDGE 23 29 11 MG O  INTRA_RES_STUB  JEDGE 23 30 12 MG O  INTRA_RES_STUB  EDGE 5 9 -1  EDGE 16 15 -1  EDGE 23 24 -1  JEDGE 24 31 13 MG O  INTRA_RES_STUB  JEDGE 24 32 14 MG O  INTRA_RES_STUB  JEDGE 24 33 15 MG O  INTRA_RES_STUB  JEDGE 24 34 16 MG O  INTRA_RES_STUB  JEDGE 24 35 17 MG O  INTRA_RES_STUB  JEDGE 24 36 18 MG O  INTRA_RES_STUB  EDGE 10 14 -1  S_000003_000
RT 0.0914936 0.981607 -0.16756 0.887703 -0.156645 -0.43295 -0.451235 -0.109131 -0.885707 9.0618 -10.6111 -7.08643   S_000003_000
RT 0.525558 -0.830129 -0.186214 -0.837917 -0.542959 0.0555906 -0.147254 0.126816 -0.980935 -3.68976 -4.69887 6.73067   S_000003_000
RT -0.797144 0.600152 -0.06617 0.590299 0.751602 -0.29435 -0.126921 -0.273699 -0.953404 7.85127 -3.55737 -2.99027   S_000003_000
RT 0.598705 -0.561051 -0.571641 -0.22526 -0.802823 0.552026 -0.768642 -0.201733 -0.607036 2.8484 9.82942 -4.7471   S_000003_000
RT 0.535963 0.594764 -0.599165 0.740279 -0.67228 -0.00515027 -0.40587 -0.440789 -0.800609 2.56014 -10.2489 -10.4662   S_000003_000
RT 0.723713 0.683885 -0.0924138 0.651728 -0.721348 -0.234324 -0.226913 0.109354 -0.967756 31.8516 -2.3282 -1.4226   S_000003_000
RT 0.612079 -0.790796 -2.83801e-15 0.315806 0.244435 0.916798 -0.725 -0.561153 0.399352 -2.1 6.60583e-15 5.57887e-15   S_000003_000
RT -2.2482e-15 -1.09218e-14 1 -0.969435 -0.245347 -4.88498e-15 0.245347 -0.969435 -1.00198e-14 -1.66533e-16 0.838639 -1.92528   S_000003_000
RT 0.791312 0.223483 -0.569105 0.607118 -0.397335 0.688137 -0.0723385 -0.890045 -0.450097 7.85483e-15 -1.92528 -0.838639   S_000003_000
RT -0.678946 0.688284 0.255535 0.541804 0.704589 -0.458261 -0.495461 -0.172685 -0.851292 2.1 -7.24421e-15 -1.4988e-15   S_000003_000
RT -0.805042 -0.523804 0.278454 0.430806 -0.193534 0.881448 -0.407816 0.829563 0.38146 -4.82947e-15 -0.838639 1.92528   S_000003_000
RT -0.790796 -0.612079 5.7454e-15 -0.561153 0.725 0.399352 -0.244435 0.315806 -0.916798 -1.00753e-14 1.92528 0.838639   S_000003_000
RT -0.116894 -0.619979 0.775862 0.859813 0.327808 0.391488 -0.497048 0.712859 0.494748 -0.879331 -0.560794 1.82271   S_000003_000
RT -0.324699 -0.848078 0.418729 -0.848573 0.456739 0.267045 -0.417725 -0.268613 -0.867959 -0.991023 1.84922 0.0908508   S_000003_000
RT 0.962865 -0.171342 0.208645 -0.237226 -0.905892 0.350833 0.128897 -0.387301 -0.912899 -1.62931 -0.822126 -1.03897   S_000003_000
RT -0.943379 -0.319649 0.088657 -0.227505 0.428971 -0.8742 0.241406 -0.844872 -0.477404 0.879331 0.560794 -1.82271   S_000003_000
RT 0.324699 0.848078 0.418729 0.848573 -0.456739 0.267045 0.417725 0.268613 -0.867959 0.991023 -1.84922 -0.0908508   S_000003_000
RT -0.556627 0.660044 0.504489 0.364465 0.739717 -0.565671 -0.746547 -0.130999 -0.652309 1.62931 0.822126 1.03897   S_000003_000
ANNOTATED_SEQUENCE: g[RGU:Virtual_Phosphate:BlockStackBelow]cgg[RGU:BlockStackAbove]a[RAD:Virtual_Phosphate:BlockStackBelow]guac[RCY:BlockStackAbove]g[RGU:Virtual_Phosphate:BlockStackBelow]uaau[URA:rna_cutpoint_lower]a[RAD:rna_cutpoint_upper]ac[RCY:Virtual_Phosphate:BlockStackBelow]u[URA:BlockStackAbove]a[RAD:Virtual_Phosphate:BlockStackBelow]cgc[RCY:BlockStackAbove]Z[MG]Z[MG]w[HOH:VirtualWater]w[HOH:VirtualWater]wwww[HOH:VirtualWater]w[HOH:VirtualWater]w[HOH:VirtualWater]www[HOH:VirtualWater]w S_000003_000
LBrAgCZljyI8EDyVQy2RfCxL9tIMUNOVQBrUfC5lu3IsAr8VQueUgCpF5wIc0iMXQT30gCNJG0I8LdzXQgqJhC13PxIc5QfYQHvkhC9n6sIMQ1QYQLyqgCJGkuIs++9YQfUYgCFueyIsTiZZQIFihC14loI8HFuYQ9oIhCxfqqI8hWUZQJbjhCRhLtIcFuyZQbnPhCRKcUIMpwxYQy2lhCpGvXIc0iMZQ++5hC1MTVIMT3sZQSMohCBAAdIcPKIZQOJShCpGveI8fqlYQnE7gCZ5wbIc0iIYQsH5gCd9IWIc46NYQaRmgChVuSIsDtwXQZ7ogCFYFfIsVOUXQ1N1gCJE4jI8fqpXQwfOhCVN+jIMW5YYQ81KhC1j70I8DyIXQmAogCRNc3I8A4DYQ3ZXiCVR6eIMRoSWQ2npiCBHJYIsqgcXQffbhCR1zzIMs9uYQmnUgCxJtsI8ZktYQ68+hClImnIs3Y3YQMz4gChusnIsVahZQI6ShC5N6vIsIBCaQ7gPhCh2mQIMtU4YQAkKiCVTaXIszdBaQQO4hCFHaRIcFDwZQuLtgC1LGnI8FwJXQ S_000003_000
LDXXfClYQxIchrvZQFDaeCNHavIcIwOZQW5AfCx0t1Is9oMaQGZzfCdnPsIsSMMaQ++5eCNJGoIsEDWaQ99rfCBVjjIMv0paQktPgCVN+gI83PJaQue0eC1NJfIstz7aQxgYeChrngIM7RlbQ++NgCR1YbIMnEPaQCsyfCd+eaIcIw6aQ14ZgCRLyaI8fqZbQ2OvfCdR2YI8gArZQamxfCJaRTIMT3oZQqxLgCR2uQIM+TFaQ++JfCVO0QIMYlHZQy2heClupTIMEYpYQiW8dCRK8QIsZmJYQkCfeC1hWZIsU4qYQtdGfC56xbI825LZQRyOeCRbcpI83DqaQrjdeC1L7mIcqt7ZQ45IgClXAlIMW8/aQSzDeCNsieIclooaQ3YrgCxDCaIstpPaQByUfCRSDXI8e/8aQbAtgC1QtXIcIVWbQSSedCpu3SIsLrlXQj8+dC9eBNIMyGJYQ+mBeCh1abIMNqUYQ/UFfCNPsfIMUkNZQ S_000003_000
LMdDdCpEDeIMoa4bQTiBcCVO0dI84lWbQsH1cCR2ugIs78hcQEYddCls9XIMoaAcQlDVeCNepWIc14hcQqxbeCJwqQI8w1jcQoa0eCdSsOIsmZ6bQxgIdC9owNIMAAscQDC0cCNJGOIsnvXdQNzMeCd9oJIs/UzbQR2edCNzMIIs9occQDXXeCx1jFIsuJ5cQHvEcCxLd/H8xL1ZQXPqcCd8S7HsrHZaQb8qcCV3kwHM/paaQtILdCNJmAIs9o4aQhADdCR14FIsDtwaQqGfcCpbSIIslDNaQoa8bCtcIFIsSMsZQNeZbCpEjGIMXPKZQIwicCZ5wNI8eUQaQoFJdCpZmOI8Jx0aQOJedClBBKIMCsKbQcFNfCtDRYIcvXccQAI+dCZeFYIctu8cQ4rHfCpesPIc624cQBbbcCN3WPIsrYacQJV6eC9+BHIsa3tbQvXrcC94DGI8fRXcQWAMeC5MtBI85L4cQk1tbCtVa6HciFgZQgCEdCRu5sHsBYzaQibScCBZZsHs8IDaQKJVdCVULSIsxEAbQ S_000003_000
LNeRbCFDCOIsArkdQIFeaCVN+QI8JxEdQ78NbClsdPIsmZSeQlY4aCZm5HIMqGfdQNzcbCtI7DI8NJ6dQfUIbCNy28HsDtodQc9obC1NJ8H8co9cQRLqZCVjX6H8gAjdQ99DZC9Rh3HssdKeQCsyaCtco1HMZ7kcQXktZCRgVxHspbCdQkCHaCh/UnH8vfSdQ4PFZCBrczH8HFOaQv0dZCZQgrHsEDqaQdTaZCxLdhH8LdbaQy25ZCJaRtHM+TRbQXP6ZCltz3HcO0abQLHiZCRhLAIc46BbQBrEZCpbS+HM99XaQNzsYCJEYCIs6m8ZQ99rZCBr8EIcJGYbQc9IaCxLdDIcy29bQU4SaCRf/7HMBWBcQAEuWCxC9+H8w0IcQtJUWC5XpzH8pmZbQe6acChFcEI8aV7dQ5HFbCVLUEIswBXeQqXkbCxwd3Hcrq6dQbWNZCtHUAIsv4WdQl3TbCp3pvH89OZcQQ82YCZAjwH84UzcQSPnZC1z1lHcf3sdQE9yYClUSxH89WxZQUYsZC5/gbH8G2taQLsFZCZgAgHMEb+ZQMVWaCVh+FIcW6UcQ S_000003_000
LFD+gC5lueH8w1HlQAA8gCZQgcHssdwkQe+ehCd9oZHs8SVlQBWBhC9RhrH857JlQb8+gC5OfwHsvfelQGE0gCd8S8HsmZclQQgJgCtco9HcepTlQMdPhC99TBIMZ7MlQMI4hCd+eCI8HFWlQDCIgCtdeDIMCsGlQR2ygC9TNGIcxgKlQHaxgCdnPJIsWkdlQjXyeCNHaKI8Mz8jQRL6eC1h2MIMpwPkQktTfC99zKI8hWikQ+TlfCpEjFIMuegkQlYgfCtyhCIMAAOkQNzEfCd9IFIs8S7jQiW8eClYwCIsSMojQ3k4fC14l6H8NJSkQBWFgCBVj6Hc6mmkQWOAgC14FCIsmZwkQuzogCZa6sH8GAnlQejahCh6tvHcIwllQJQmcCRfm7HsYupkQVC/bCJj1EI88XbkQ950gCtwl/HcEoqlQ/+ShCtRg+HMYs/kQwthfCdU0FI8AnLlQWa7gChkZIIszO+kQEQOhCF/bJIcaqjlQkGreCRHqQIMACQkQsJpeCBL1EIMtxbjQ5QJfCBY49Hc3omjQJBPgC9SJ0HclQukQ S_000003_000
LJGgiCtxrDI8jCHlQyLhiCZPK/HMAA2kQGEEjCVNeEIcy2VlQ5lWiChALJIMCs6kQIwWiCdTCOIMAAGlQmuBiC1MTSIM/p4kQKxYhChpbQIsX6wkQBWZiC9owTIcjXkkQMd7iCFCMXIsCXpkQT3QhCJwqSI81jckQXk1hCBAgWIcMIYkQueshC1NpbIsBBgkQv0pgClYQPIMsyPjQW5ogCVj3TIs/UbjQSMcgCZkNYIcjXQjQiW0gC1NJUI8isvjQ9oAhC9SXPIMpw3jQY6ChCxggKI8fqtjQIF2gCFsSKIMDCYjQ+T1gClBhGI8OfLjQNeRhChrnGIckt7jQepXhCJwKJIMsyNkQmuNhCxggOI8kYMkQeLHiC5RkNIMaeTlQLa0iCpYCPIcqLJlQOH9hCBheVIM4jBlQnqjiCZPfQIMTedkQV71gCh7qUIM7JdkQ5i7hC54mWIsFvIkQCqxhC9TReIslqUkQLWhgCdTcPIMxtAjQEPbgC1atbIMycXjQS4TgCZV5XI8tTBjQ8CihCZNbHIMb1akQ S_000003_000
LmZijC57HYIsQgZkQzhujCFDCTIcc9OkQsHBkCtxLbIMCsmkQJGQjC557bIsQgHkQ7RFjCd8ShI8kYMkQQg1iC5O/jIMXP4jQMdPiCh/UhIcIwwjQb8SjCxKnjI8jCljQEY1jCRLSnIMoamjQsyNiCxLdhIMXPajQktziCpw1kIMtITjQf/oiCd8SqIcGESjQQgNiC56xbIstzRjQNeBiChWEbIsU48iQ673hChVueI8gAxiQZ7AiCJE4VIs++1iQktLiCRKcRIs++BjQy2JiC1NJNIs8S5iQbnXiCVjXSIstzXjQGEYiCpvfXI84lejQi7uiCdHUhIMoYXkQMqejCxgIjIsN7RkQ2luiCJJunIc4g7jQ4GejCle9fIct8jjQ/LzhCtBMjIczoVjQOV+iC5qjjI8sTFjQ5yCjCZ4bsIM5lUjQkE4hC1QSVIMmIniQK+eiCpvWPIMaJhjQaLgiCRwLYIMHetjQ S_000003_000
