SEQUENCE: gugugagagacuagacggcauaguccaagaccauZZwwwwwwwwwwwww
SCORE:     score     fa_atr     fa_rep    fa_intra_rep    lk_nonpolar    fa_elec_rna_phos_phos     mg_lig     mg_sol    hoh_ref    rna_torsion    suiteness_bonus    rna_sugar_close    fa_stack    stack_elec    geom_sol_fast    hbond_sr_bb_sc    hbond_lr_bb_sc    hbond_sc        ref    free_suite    free_2HOprime    intermol    other_pose    loop_close    linear_chainbreak    time    missing        rms    rms_fill description
REMARK BINARY SILENTFILE    FULL_MODEL_PARAMETERS  FULL_SEQUENCE gugugagagacuagacggcauaguccaagaccauZZwwwwwwwwwwwww  CONVENTIONAL_RES_CHAIN B:8-12,B:127-137,B:169-179,C:205-208,D:1-3,B:1-2,w:1001-1013  CUTPOINT_OPEN 5,16,27,31,33-49  DOCK_DOMAIN 1:1-33,35-36 2:34 3:37 4:38 5:39 6:40 7:41 8:42 9:43 10:44 11:45 12:46 13:47 14:48 15:49  EXTRA_MINIMIZE 33  FIXED_DOMAIN 1-28,31-32,35-36  INPUT_DOMAIN 1-28,31-33,35-36  SAMPLE 29-30,34,37-49  WORKING 1-49  RNA_TERMINAL 1,5-6,16-17,27,32  RNA_BLOCK_STACK_ABOVE 5,16,27  RNA_BLOCK_STACK_BELOW 1,6,17,32
SCORE:  1345.940    -80.354   1238.624           2.661          7.515                    6.030    -37.280      3.353      5.000         93.159              0.000              8.257     -63.060        -3.688           34.892            -2.815            -1.998     -29.323    123.080        -2.000            0.000      43.700         0.000         0.000                0.186 11635.360          1      6.103       6.103    S_000001_000
RES_NUM B:8-12 B:127-137 B:169-179 C:205-208 D:1-3 B:1-2 w:1001-1012 S_000001_000
FOLD_TREE  EDGE 1 3 -1  EDGE 3 5 -1  JEDGE 3 31 4 C4 C2  INTRA_RES_STUB  JEDGE 1 32 5 C4 C2  INTRA_RES_STUB  JEDGE 31 28 7 C2 C4  INTRA_RES_STUB  EDGE 31 29 -1  EDGE 32 33 -1  JEDGE 28 6 6 C4 C4  INTRA_RES_STUB  EDGE 6 16 -1  JEDGE 6 17 1 C4 C4  INTRA_RES_STUB  EDGE 17 22 -1  JEDGE 22 35 2 C4 MG  INTRA_RES_STUB  JEDGE 35 36 3 MG MG  INTRA_RES_STUB  JEDGE 35 37 8 MG O  INTRA_RES_STUB  JEDGE 35 38 9 MG O  INTRA_RES_STUB  JEDGE 35 39 10 MG O  INTRA_RES_STUB  JEDGE 35 40 11 MG O  INTRA_RES_STUB  JEDGE 35 41 12 MG O  INTRA_RES_STUB  JEDGE 35 42 13 MG O  INTRA_RES_STUB  JEDGE 36 43 14 MG O  INTRA_RES_STUB  JEDGE 36 44 15 MG O  INTRA_RES_STUB  JEDGE 36 45 16 MG O  INTRA_RES_STUB  JEDGE 36 46 17 MG O  INTRA_RES_STUB  JEDGE 36 47 18 MG O  INTRA_RES_STUB  JEDGE 36 48 19 MG O  INTRA_RES_STUB  EDGE 22 23 -1  EDGE 23 27 -1  JEDGE 23 34 20  C4   C2   END  S_000001_000
RT 0.303181 -0.425812 0.852505 -0.0618028 -0.901515 -0.428313 0.950927 0.0771689 -0.299638 -2.39685 12.746 12.3837   S_000001_000
RT -0.983009 -0.183478 -0.00542685 -0.0455982 0.215446 0.97545 -0.177805 0.959124 -0.220152 -7.3391 -10.1896 3.34368   S_000001_000
RT 0.347624 -0.801099 -0.487234 0.703482 0.566384 -0.429327 0.619895 -0.193516 0.760448 -1.03812 -3.00958 -2.12901   S_000001_000
RT -0.640913 -0.717853 0.271879 -0.751054 0.659608 -0.0289026 -0.158586 -0.22272 -0.961897 0.12695 -1.00198 6.75575   S_000001_000
RT 0.828156 0.4533 -0.329661 0.455718 -0.886975 -0.0748035 -0.32631 -0.0882837 -0.941131 2.5143 -10.6731 -9.70851   S_000001_000
RT 0.778711 -0.61736 -0.111695 -0.627378 -0.766962 -0.134781 -0.00245707 0.175031 -0.98456 3.33528 7.67889 -9.82747   S_000001_000
RT -0.831267 -0.555319 -0.0248381 -0.555182 0.831631 -0.0127206 0.0277201 0.00321545 -0.999611 -12.5475 -12.6305 -3.65815   S_000001_000
RT 0.612079 -0.790796 7.25808e-15 0.790796 0.612079 -7.82707e-15 1.77636e-15 1.05332e-14 1 -2.1 -8.54872e-15 1.39333e-14   S_000001_000
RT -6.71685e-15 -5.41234e-15 1 -0.612079 0.790796 1.66533e-16 -0.790796 -0.612079 -8.61811e-15 3.33067e-16 2.1 1.9873e-14   S_000001_000
RT 0.790796 0.612079 -4.94049e-15 -4.38538e-15 1.3628e-14 1 0.612079 -0.790796 1.34337e-14 -1.76803e-14 2.50355e-14 -2.1   S_000001_000
RT -0.507376 0.831054 -0.227858 -0.817013 -0.547996 -0.179415 -0.273969 0.0951319 0.957022 2.1 7.99361e-15 -2.65898e-14   S_000001_000
RT 0.0950282 -0.794896 -0.599258 0.377059 -0.528386 0.76068 -0.921301 -0.298242 0.249511 8.88178e-15 -2.1 -1.70974e-14   S_000001_000
RT -0.543501 0.450092 -0.708536 -0.714671 -0.690861 0.109343 -0.440286 0.565799 0.697151 1.76803e-14 -2.50355e-14 2.1   S_000001_000
RT 0.612079 -0.790796 5.93969e-15 0.790796 0.612079 -1.16573e-15 -2.66454e-15 5.38458e-15 1 -2.1 -6.10623e-16 -1.22125e-15   S_000001_000
RT 1.91513e-15 -1.16573e-14 1 -0.612079 0.790796 1.03806e-14 -0.790796 -0.612079 -5.55112e-15 -7.77156e-16 2.1 2.21351e-14   S_000001_000
RT -0.486751 0.147066 -0.861072 0.650355 0.719099 -0.244818 0.583191 -0.679168 -0.445667 -1.76525e-14 7.06379e-15 -2.1   S_000001_000
RT -0.612079 0.790796 -1.81521e-14 -0.790796 -0.612079 -1.13104e-15 -1.20182e-14 1.36835e-14 1 2.1 -4.88498e-15 -1.28786e-14   S_000001_000
RT -0.845984 -0.463961 0.262778 0.530982 -0.688042 0.494628 -0.0486861 0.557978 0.828427 7.77156e-16 -2.1 -2.21351e-14   S_000001_000
RT -0.790796 -0.612079 2.9976e-15 2.70617e-15 1.42941e-15 1 -0.612079 0.790796 5.06539e-16 1.76525e-14 -7.06379e-15 2.1   S_000001_000
RT -0.222076 -0.967691 -0.1194 0.927554 -0.247419 0.280048 -0.300542 -0.0485575 0.952532 -3.21803 -5.91209 -5.68283   S_000001_000
ANNOTATED_SEQUENCE: g[RGU:Virtual_Phosphate:BlockStackBelow]ugug[RGU:BlockStackAbove]a[RAD:Virtual_Phosphate:BlockStackBelow]gagacuagac[RCY:BlockStackAbove]g[RGU:Virtual_Phosphate:BlockStackBelow]gcauagucca[RAD:BlockStackAbove]a[RAD:rna_cutpoint_lower:Virtual_Phosphate]g[RGU:rna_cutpoint_upper]acc[RCY:Virtual_Phosphate:BlockStackBelow]au[URA:Virtual_Phosphate:Virtual_Ribose]Z[MG]Z[MG]w[HOH:VirtualWater]w[HOH:VirtualWater]w[HOH:VirtualWater]wwww[HOH:VirtualWater]w[HOH:VirtualWater]ww[HOH:VirtualWater]ww[HOH:VirtualWater] S_000001_000
LShDnCZ5AzK03PnnQYlnmChrnwKE99lnQlYMnChVO0KkmZ8nQZQwmCxgQ1K0coXnQx1DnC9m03K0bSWnQWOAnCFu+4K057/mQ/U/mCR142K0z3vmQhAXmCBAg6KEEY7mQCsWmCltD9K0xLFnQ/UnmC1Mz3Kk78dmQMIYmCR1o6KEnEjmQNz0mCJvk8KET3amQDCckC13P2KkAr0lQ5l2kCFCc4KE8n0lQDXrkCNIg6KkSMolQIFalC1hm4K0NJAmQamhlCJEY2KEAAMmQoFJlC14F0KkoFNmQtIjkCRK8zKkDtAmQyLJkCtHFyKUbn/lQJbblCNIQyK0d+amQ469lCRKczKU14hmQ67DmCZ781KkQgZmQJJinC9Oq3K0+FanQ101mCFHC5KkQcgnQLbgmCpcwxK0u+slQG62lCFvjzK0JSXlQYNZnClWH6K0eL9mQ9p+lCxzc5KkdiAnQzg6mCxM23KURjRmQHe7lCxf66KUaFdmQZG1mC1/H+KE+ckmQOaCkCVYU2K0nprlQtU9kCF9G8KEEtnlQ+NRkCRba6KEjkflQd0RmCZynyK0JFsmQ S_000001_000
LY6ylCNep9KkU4WnQv0llChWE7KECsgnQuzDmCNdz/KULyknQqxLlCNIw+KEQ1InQueMlClDdBLERLCnQPf3kC9S3BL04lsmQsy9kCRgl/KUIwemQqGHkC5kICLkrHtmQOJ6jCxfqELkDt0mQCBakCJbX/KkR2QmQYl7jCtIrBLknvVmQgVCkCd94DLkEDImQoFFkCd+u8K0JxUmQMIgjCNdD8KkZmJmQIwOjCR2e9KEXP8lQ99PjChWk5KkR2OmQfUgjClYw3K0fqdmQXPOjCBqm1KU0igmQFuGkC9Sn4K01jomQnEXkCxJB7KEv0jmQHRqlC9mDCL0DQBnQoW9kCl/iCLU3wMnQyYElCZUbDL00rlmQeI7jCNruALEtQ2mQzSjkClGf/K0E5BmQBDejCp+CBLUxLUmQpE8jC5liFL0v6PmQw91iC9rA5KE+THmQwWUkCxtc3Kk2KzmQ/ExkCp/k7KktUrmQ S_000001_000
LDXfjCZ5wELksdKnQXPujClBhCLEaRYnQxggjCFYlHLkBBSnQx1viChrHELUIwCnQU4aiCx1DGLEoa2mQ2j+hCFZrELkmZmmQSMQiCpFJCLEpwfmQWOUhCtduDLU2OvmQyL5gCNH6FLkZm1mQjXuhChArALUPKWmQc9EhCd9ICLktzbmQJb3gCpvvDLEueKmQHalgCZ5g3KUhrVmQKcZgCh/05KkrHLmQktrfC98t5K0d++lQzMvgC9SH8KksdMmQUNShCZP67Kk8SZmQ0ighC1is5KkmZkmQBWJhChqR3K0a8imQy2RhCtcI1Kk78rmQNeFiCJxQ6K0w1vmQ6mMiChqx8KUNermQhAvhCxf69KU46dmQHSwiCBUKHLUDGvmQXzJiCt/MHL0J4/mQc57hCBE0FLkgrZmQEeZhCtpjCLUnh7mQdNyhCZ8qAL0ImGmQRbugC1T3AL0+qfmQHmpgCxAXFL0xFQmQRbTgCJT71K0HwTmQzWYfCF/T7K0lO3lQVMLfCdHD4KUL39lQf5kiCZEy9KUPQxmQ S_000001_000
L46lgCFX/FLUKcNnQAAEhCVOkELkEDcnQiWYgCFDyILUy2RnQ2O3fCJFOELE/pKnQBr0eClYAFLkVO8mQb8CeCNdjCLkoF1mQmZ+eCJbnALkYQsmQGEYdCNz8ALEQ1GnQb8KcC5kICLE7RPnQbnfeCd++9KEpwvmQ2jKdC9oQ+KUbn7mQ6mEcCdSM+KUwKtmQ03ffChpb8KERL8mQBrUfC9Tt5K01j+mQZQYeChqh4KUIw2mQ7RJgC12Z4K0kYKnQT3sgC99j5KU14TnQjXGhCdSM4KUGEenQuewgC9na8KE/pQnQCsSgCx0t9KUzMFnQ3WOfCJO5FLknzvmQTbOeCZ5QGLUVgDnQU+ZdCliFDLUGBqmQzhAeC1ftAL0opSnQmrVeCFbG9KUf+hmQSNFdCp5y8K0W8FnQuaWbCRYU/KELyymQUkFgCpMe2KUaNMnQJoIhCx5Z9KEhyWnQ4CWgC1gp/KUgUDnQ S_000001_000
LaR2bC13vBLUjXonQMIIdC5PlBLU0i0nQsH1aCFsyDLktztnQYlLbCtH1+KEBWpnQ6m8ZCx1T+KkpbenQDXnZCdoV7K0jCdnQnvnaC5Q75KkDtQnQSMoZClBx5Kk78xnQtdeYCNHK6KkoF/nQXP6aCtIb3K0kYanQoFxZCZP62KkZmpnQmupYChqB2KUbndnQNz0eC5QbyKE+T9nQSModCxfaxKkBB2nQ14ddCZ5wuKEaR4nQpbqcCBW5yK0xLtnQnv/cChqh1KkVOsnQwfKeClst2KEnEznQGZLfChrH1KUjX8nQNzIgCVj31KkArBoQW5IeCNzc5K0IbvnQY6+cCJb35K01jmnQLyOcCFYl3K0NJknQuY7bCF8y4K0ETOoQCxkcCJTA1KkTDToQDNAaCBgB/KkC3PnQY8NZCNmN/K0VCmnQY+vYClEI7K0S3VnQ36aaCZDR6KE/O6nQWC8aCdWA2KkdkPnQei9ZCRjp1K09M1nQ2j1XC9Mz2KkNvjnQwydfCJkKxKk9xBoQ11ocCFK6tKEpbznQCPLeCNhrtKU7v+nQYArcC1xo7KUIEinQ S_000001_000
LwKHSCJEotKEUNAkQwfiRC5P1rKkArQkQ7RpRClDdtKknvpjQcSsTCFDStKUO0AkQJbfUCtznuKkWkxjQEtwVCFX/sKUbnvjQsHdVCJxQqKkCXpjQMdzWCZk9tK025fjQU4CYCtyRtKEqGpjQgq5VClYwpKUgVUjQfUgWCdRWsKUhrLjQU4qXCpGvrK025/iQVjXTC5kYhKEZ76iQuzfUCJwqhK0eUGjQmZGVCFZ7jKkmZMjQzMbUCNJGmK0LdFjQSMQTCtzHmK0co5iQQgtSCNymjKEXP0iQXklRC5PVjKEQ1oiQCB2SClstoKEEY1iQKxwTC55LqKE8n+iQ03vUCRfvoKUxgIjQK+qUCZScwKEho2jQHUAUCh9tuKk++jjQs2+RC5s/nK0lEtjQKZGSCx14jKk0VujQkgNWCl/8sK03i9jQthsWCJK5vK0QydjQhglWCFkWoKUOaUjQN01VCNvPtKkzpCjQG/bYClensKE3oGjQMN8UChvAgKEDzKjQD3PRCxsihK0ZbliQXhGRCN06kKkg5jiQR8vTCxYJsKkyZ+iQ S_000001_000
L67PZChWUvKEtInjQ5QrYCNc9xKEBWhjQqGHaClD9uK0bS6jQBWBaC1NJuKE/pSjQ99DbCZPqvKErcIjQU4SbC9S3uKUwKxiQKc1bCRhLsKUktviQoaEaCxf6uKE8niiQ78VaCZ6mwKEQ1QiQ35TbCNc9qKkuJdiQMI4ZCFu+rKkpbciQBrUZCNHqrKEv0HiQFu+ZCBAghK0bSEiQtdeZCtI7jKUbn9hQKxgYC1h2jKECsuhQc94ZC9RRmKEqGFiQJb3aCJxAmKUJGUiQMdbbC5QrjK0isbiQR2+aCBrMhKUbnTiQSMYbCpa8eKECsYiQmuZcCdSMkKEW5qiQRLacCd8ymKkSMsiQZQgbCZlDoKUc9eiQhm5bClcZvKktSQjQOx0aCR9jxKkczIjQDR8bCRoGwKEdyqiQEBTZClhjvKEXyqiQvNybCFAirK0HNQiQzLWZCpDBrK00IniQvN3YCpf7pKUCIHiQX2mZChO4fKU3z9hQ1mHYCtbhlK0gZphQ5vMYCdlIiKUWDphQCLAdCx1ynK0Nx1iQ S_000001_000
LWOMZCFCcyKkDtGiQc9gYC9n6zK0KHYiQiBxZCFu+zKECs0hQBrMYC98NwK0Ib9hQ4P1WC1iMwKUwKDiQUN+VClu5wKkEDwhQQgtWC1NZwKkpbchQ4PtUCFuOvK0w1thQEtoTCZ7MwKEZ76hQiB5VCFX/uKkqxNhQ+TdUCVMYvKEmuVhQ/U7TCpZ2xKk9oOhQCsiVCls9lK0KHmgQ1NBVCtcYoKU14hgQmuJVCNHqqKEW5sgQGZ7VCd8SqKUdT+gQLHiWCRh7nKUFuEhQWOUWCNHqlK0is3gQ+T1WC13PjKU147gQfUQXCx1ToKEEYXhQT3EXCdR2qKEsybhQwfSWCtILsKEBWNhQKyrWCBCgxKUloOiQw+lWCRWauKk+YIiQ3lvVCJnzyKE0vwhQeD6UCh3XtKkLvxhQqj+VCdvvvK0QX/gQ6+4TCxv5tKUN0QhQVnUTClTjyKEonZhQRsdUCR5foKEf/UgQ3kpWCNgvhK00RygQ/WZXCNJ/iKE2iIhQpKeXCRZurKUVUohQ S_000001_000
LMdLTC5OfuKEEYPiQDXXUCpa8tKkX6ciQuz/RCNJ2vKU6mYiQ/puSChArrK0FZFiQPffRCtzXrKkBB6hQDCkRC5kIpKEShphQqx7SCxLtoK04lihQtdGRCR1YmKkuJxhQGZrPC5kImKkBBwhQjXKTCdS8lKUzMfhQDC0RCltjkK03PhhQShLRCV4akK0jCNhQ8nCWC1MDeKU0i2hQqxLVCxgQeK0FZlhQueEVCBBGcKEW5YhQzheUCRKcgKkX6ghQNzsUCdSciKEqGvhQLHiVCRhbiKU6mAiQmuRWCNJGgKU2OFiQWOEXCFuufKUMIUiQ2OfVClC3kK00NLiQ1NpUChqRmKUJGAiQMIIUCRK8kK0JxuhQgBSRCFZDtK0rsyhQ3xxQCJ49qKUtQEiQlvBRCpDppKkmBdhQ0wZRCdHHmKUG5/hQ7vgTCtcrlKE7sQhQsH8RC9ewiKkuHnhQLOsRCV0NjKkEwDhQ+2gWCdcWcKkEh4hQ55dUCp+HcKkkhMhQTllVCVneaK0CFchQboZUCVqHoKEAtDiQ S_000001_000
Lmu5OCx1zjK0Gv8hQ35bPC55rjKEQ1SiQZ7cNCBAQkKU5Q5hQIFWPCNyGhKEQ1whQwKvOCxgQgKUzMdhQNeBPC9mUdKkU4YhQNzcQCZm5cK0GvWhQ5lmOClsdbKEW5qhQ03PNCpasaKUgVohQcS0QClXaaK0z3fhQ/UjPCpZGZK01johQueEPCJEIXKUgVahQ3kYUCluJWKEnERiQf/kTCNJGVKERLCiQhArSCV3UWKk781hQ03nSCls9YK0HF6hQc9YTCFYVaKET3IiQcSUUCltzYKkR2UiQAAIVCNJ2ZK0isjiQcSETChqBdKULyIiQlYISC5lOdKUPK6hQPK0RCBq2aK04lwhQK6FPCZqVhKEaaRhQMNxNCpBigKEEIehQvblOC5WzcK0veLhQm2uOCVGYcKUQo4hQm1MRC9DSZKU/mUhQZbxPCBCUYKEGf2hQkfGOC93VXKkduYhQwVqTCNcKTKU75/hQZxvVCF5rYKEngriQYSGVCFFxbKUPxmiQOtsRCVQ7eKE8c2hQ S_000001_000
LPKUMCpvfaKklD9hQJbnMCVO0cKUf/KiQnE7KCxeEaKEmu1hQwK3MCNy2XKk9oIiQpbqMCVOUVKklD/hQuznNCdnPTKU46HiQ2O/OC55LUKknvHiQShbNCJahSKU5QfiQO0SMCJb3QKUNehiQe+uPC99jSKk++ViQe+uOCpEDRKU46jiQXktOC99TOKkYQeiQjXqQC5OPUK00NjiQc9wRCJaBTKE7RtiQ149RCdRmQKUiBriQgVmSCR0iUKk8S5iQqGXSC12JXK0Of7iQXkNTCx1jYK0LdHjQuzPRCpacYKkQgxiQShbQChA7WK0fqliQlNzMCFPeVK0OlvhQzkvLCdxuUKkwxBiQg3kNCR2oRKEP++hQJEVNC9dKUKkMrniQ3+PQCVxRRKk8fNiQqDAPCBBQRKkh6yiQQC9OCxPPNK0/xqiQXsETCl6eaK0ZeJjQ7b+TCF1qXKEzOOjQRzFRC1eXaKUIQziQWRqPChswXKU7qeiQ S_000001_000
LjXyLC1i8PK04l4iQUNGMCFYFSKkYQIjQ9oYKCNdDPK0251iQ78tMCFZbNK0259iQaReMCNe5LKEueQjQbnvNCx1jKKUJGYjQzM7OC99zLKEnEPjQ2O/NCJv0KK025vjQYlLNCBVDJK0fq7jQZQAQCVOkLKEpwdjQXkdPCV3EKKk8SxjQgVuPCFsSHKU0iwjQSMgQCpbSOKUGEkjQkCnRCpbiOK0IbxjQAAQSC9nqMKE/p4jQEY9RCVMIRKkVO2jQyLVRC55bTK03PvjQEtwRCVjnVKkX60jQPKMQC56BTKEVjhjQlD1PChqhQKE/pcjQLNzLCZEiKKkMONjQrRIMC9vENKEzvbjQ29uNC56rIK0jhTjQYtzNCF1qMKkOU0jQEnuQCFIhKKEaUXjQdo4PCNi2KK0CA+jQ6B6OClXUGKExV0jQGCvSCJRXRKU3m/jQLTsPChUkUKku9bjQnRDPCJ7RQKURWTjQ S_000001_000
LLymMChqBKKkVOSkQFuWNC5QbMKUzMZkQEtILCRKMKK0HFQkQCB+MCdRmHKU14hkQhrPOCVOUGKkoFhkQsyRPCRKsHK0xLvkQIF2PCx09JKEaRkkQFDyOCZ78IKUy2DlQepjOCNz8GKkZmTlQ99jQCtxbLK0w1zkQoa8PCpEzKKkZmJlQ5Q7QCJGkJKU0iWlQJGsSCdolUKUGEElQTi5SCluJSKkpbMlQGZTSCdR2PKEEYHlQKxYRCBrMQKEpw3kQ99DRCV3kSK0fqtkQW5wRCtz3UKErc0kQYljRCR0SXKEUNskQNzEQCtxLSKErcekQlD1PCxKnPKUbnfkQsHlQCdTSOKU0iukQXhkOClGVGKk6SSkQ4jJOCJadEKUd2lkQe0/PCV2aGKEnYykQnK9NC5a8JKUe9AlQL7eRCN2wKKEZbzkQsOoPCpNdMKEURQlQQmDRC57oKKUtejlQT6kTCtcCSKEsuXlQPgESClA1YKU/dxkQ5+4QChtiXKEI4gkQwbKPCBitOK0loWkQ S_000001_000
LJGcNCpwVHKEmullQoFZMCRhLJKUktdlQWOENCB/pEKUy2tlQMIQOCpZ2IKEDC4lQuzXPCZljHK0FZBmQ46RQCJGkJK0eUMmQpbiQC9S3LKkAr+lQDXvPCNzsKKU2OhmQaR2QChVuKKEYlvmQsyZQCFZLOKkCXLmQDXPPCNzcNK057ZmQ/UDPCBqWPKkmZqmQe+eNCZljSKkVOSlQ6mUNChUIQKEaRclQSMQMCRhrOKksdWlQgqJOCtxLPKklDrlQ5QLPChU4QKEqGvlQzMbPC5PVTKk++llQXPiOCVOUUKkYQWlQUNmOCxLdWKkmZMlQZ7kQClsdUKkmZulQuz/QC1isSKUPK8lQoaMQC5leQK0Of9lQe23PCJnnGKEiM2lQljDPCl5PGKUW7LmQ91IRCl5sIK0YePmQhHAPCZ6kJKUNQmmQWtMRC9niOKkBDUmQuoaOClYTNK08gRmQi5YOC1GrQKkqtlmQ+L0MCFsETKkKiHlQSrFMCp17MKkvHdlQdqoLCBAXPKEElLlQLizRCZg7SKEl0EmQ S_000001_000
Lb8yQC9RBMK0d+GnQ3kYPCJxQMK025NnQ3kwRCRLiKK0yhUnQEYVRCFX/OKU3kCnQSMoSCZQgPK0FZ5mQEYFTChUYSKUiB9mQVjfSCtILUKk/UtmQIFuSCJEoTK0yhSnQyLtTCpbiVKktzXnQY62RCR0SWKUgV4mQy2ZRCNIAVKEnENnQ03/QCV46WKEaRcnQdoFQCxggeKUdTQmQ/ULRCNeJeKkvfcmQf/kRCtx7bKU0immQCBuQClX6ZKkoFjmQ35jPCtd+ZKUiBXmQbnPPCRhbcKUzMNmQFDKOCFDycKEtIBmQ5Q7OCxJhXKkrHXmQyLtPCdTCWKkoFjmQ5QzQCNyWXKEQ1qmQFulSCdrKPKEF9pmQRKSTCRxSOK0Z2/mQaxDUCZsdSKEEj7mQ2eqSC1lNSKkYXdnQFVeSCBDxXK0ej7mQS+rQCFzsTKE7oKnQXtQRCBzTWKU0jqnQMfwRCVitfK09TemQNq+NCt8heKEco6lQWZiNCdxSbK0Uw+lQOThPC5sJUKESQmmQ S_000001_000
LMIAVC9owUK0FZlnQXPqUCZ5gSKEv0znQ9oIWCNzcUK0kYWnQsHNVC12ZXKEVjznQc9IUC9SXYKErcAoQOJuTC98NbK0co7nQ5l2UCVNucKEVjznQDXnSC13fbKEQ1qnQPfXRCVihcKEsyznQ8SfUCpvPeKUHahnQGEQTCx09cKknvXnQpwdSCVN+eK025NnQPfnVCBVTeKEpwRnQiWsVCNJWgKUdTCnQT30UCVjHiKkZmBnQe+uWCV3UgKUdT0mQpbqXCZmZeKE7R1mQO0qYCVNeeKUzMnmQ/pmXCNdTcKULyEnQBrkWCdoVcKkvfSnQzO1UCxziaKEK8gmQ4gbUCdtTYKEv7HoQPDXTChrMXK0uH/nQ3gZTCVDFcK0YXEoQCucSCxIwZK0XOknQtcRUCZXEgKkgAmnQLQjTCxUtbKkZuMnQx6YSCJRleKU7l+mQbNXZCJtFdKkqinmQDktYCBF6fKUricmQSnSYCpD6aKEzVFnQLggWClL7aKE3SdnQ S_000001_000
L5lGVCZQwrKU6mYnQ1NhUCNJWpKUO0inQAAQUCBBmtK0z3LnQ/UTWCV4qqKkYQKnQTiJXCVNesKUwK/mQy2RYCB/5qKUzM1mQwf6YCd+OpKEtIFnQ46xXCViBpK0z3jmQ++hYC9TdpKkrHRmQyLNZCxgwmKESh7mQY6+XClYQmKkWktmQ+TNYCNIQkKkEDemQZQQXCpv/hKULy8nQ35rWCBr8jKUMIwnQHvcVCpvvkKE+T1nQCsSXCltDlKUKcfnQjXiYC1jCkKEXPcnQPKMZCdRGiKU46nnQsyhYCRh7gK0fq5nQT38YCRKMfK0d+CoQlDdaCxKnhKEYlfnQ8niaCd+OjKk8SPnQ8naZCxJxkKEaRMnQo1fXC1/ytKkGSJnQTNoWCFOZtKkOH0mQNHVYC1nVeK03G5mQbbnWCFdMeKEnOMnQMY8YCxbKsKEBjvmQA70WCheWpKUWahmQRhAaCB9zmKUJhymQtPPXCZpwlKku92mQYdnXC53uiKUb+gmQjZuWCJGUhK0pZEoQrNAVCRiImKEl0snQ7M/UCVp8jKEYyAoQSNVbCxcWjKEEFGnQ S_000001_000
LsH9XCZ6WrK0Jx+lQQgNXCd9otK0NJImQf/EZCNJ2rKkqxvlQwf6WC1icpK0xLzlQJGkVCx1jpKET34lQoa0UCBrcnKU0islQfUQVC141kK0IbzlQf/UTCVNenK0JxwlQBrsSCNz8oKkvfglQ9oQUCtHFjKEDCslQx17SCtyhkKEv0vlQhADSCFX/jK0GvelQO0aSChWkZKkpbylQoFBSChrnbKkuJllQAAARCBBGbKUy2XlQZ7kSChqBeKET3klQCBmTCNIQeKU2OzlQ6mEUCh/UcKUzMBmQdodTCxgwZKE7RBmQSMwTCNdzXK04lMmQMIIVC5PVdKEEYNmQW5QVCd8yfKUFuGmQhrXUCpvfgKEW52lQquNVC9zVrK0Re1lQRveVCpCQpKU6SImQNDBVCtGqnKESRdlQ2SKTCpZQoK013+lQMpYUCpeyiKk0pclQPVkSC1T6jKkQg9lQD6cRCFzhlKkxyclQPH8RCNT3XKEgYxlQATrQC5xecK0/COlQs9kQCd4UZKkl5XlQHB8VCp2BhKkcZMmQ S_000001_000
LqGfSC14FsKk8SjlQwKfRCNH6sK0d+SlQlYQSCRhrsKkVO6lQU46TC9RRtKUO0clQx1DUCNy2vKEShTlQpb6UCVNuvKEEY/kQRLSUC9mUxKET3ukQgVWWCtduwKkYQClQtdWXCVjnuK0xLFlQCBOVCR0CzKUiBlkQ+TlWCRKsyKEmuvkQQ1gXCBAwxK01jgkQ8nqUC1411KEYllkQkC3UC9mk3KEDCUkQVjfVCltz2KUPKEkQmZWUC14F6KUFuUkQIwqTCZP66KU14lkQueMTClXa9K0islkQlDdTCRKM5K0253kQdo9TC9Tt2KEnE3kQl3eUCpYDxKk67dlQT+KTChNjwKkm7PlQYt9UCp52tKUOo6kQY2YWCBw6xKk2rOlQsDSVChdfyK0UBWkQxC2WCJdd0KUA/0kQ0XnXCdwFzK0pPVkQiHsSChyF+K0X+xkQusWTCJNk+KkuRZkQP18SCZQz5KEOcElQUz0TC1jg1KU0QDlQ S_000001_000
LrcwXC5OPsK03P1kQTihYC5kYtKU5QjkQHaZYCtzHqKEaRClQ5lWWCV4KrKECsskQzMTWC1icpKkX6akQZQYWClYgmKUiBhkQ4PFVCxJRlKk78dkQx1TXCVO0kKUKcTkQ78lXC9TdiKUIwekQuzHVCZQgjKEaRMkQIwaWCZmJkKUxgAkQnv3WC573hKk/U1jQ35DRCpaMfKEDCmjQoaESCNJGeK03PxjQgVGTCx1TfKkR26jQ2jCTCR2+hK0NJ4jQWOESCR1YjKUf/sjQsyBRCd94hKkTijjQLHCQCRLCjKkpbYjQiWUSCNyGmKUHatjQhAbTCpETmKk9o4jQIw6TCZm5jKkTi/jQ5LDXC5b2pKU4VRkQKadVCNevpKUGOTkQ0XoWCxhXmKU+IwkQd8HYCdw1lKEQYQkQ2HJVCZ3ohKU2GRkQFGUWCpAslK0N72jQlyfWCRj5hKk81mjQOJDSCdJJcKELmyjQc/UPChC7hKUKISjQmmAQC1u+kKUxoWjQx/2TCNlAoK0Ix7jQ S_000001_000
Lnv/YC9RBiKUPKqkQRLiZC1icfKkYQikQb8yZC9ogkKUFuokQepjYCNymhKEueClQLHiZChV+gKkSMSlQtILZCNHaeKEv0dlQPK0XCJaheKEsyllQ46JZC1i8bKUktPlQIFeaCpv/aK0KHMlQDCMXCNIAcK0FZjlQjXSYCJGEaKUf/clQnE7YC1jCZK0LdvlQf/EWCNIQcK0LdTlQf/MVC5kIaK0eUQlQTiRVCxgAYKEsyZlQIFOUCNJmaKEBWBlQgqBUCZP6cKESh1kQzhGTCRLCdKkArokQaR+UChqBfKUep5kQ357VChrneKUMIIlQuhlZCdfciKUPhclQ80ZaCRtwgK0KNLlQC3xZCR6LeKEUBqlQSNuYCRpYcKUSGClQiSzWCZlbbK0RExlQy67XCpwlYKkiUUlQ8c4YC1MFXK0yHvlQB0lTClRIZK0hw+kQZ+5UCpjugKEs7xkQrkkWC5sEgKkTvKlQ S_000001_000
LCB2aClYwZKk/U1kQSMwZCpbSaKUy2lkQyLNcC55raKUMIwkQJb3aC1hmWKkED6kQueEbCZQgVK0a8OlQzMTaClu5SK0w1RlQc94YCB/ZTK0OfVlQEYVaCd8CRKU3k+kQyLdbC14VPKU0iAlQQgFYCtIrRKkX6IlQfUAZCd8iPKUep/kQRLCZCJvUNK0coNlQqxLUC5PVSKEaRSkQdolUChWUQKEW5ekQR2mVCZQQQK0JxskQvJRWCNJmSKkoFtkQ789VCdo1UKUc9gkQPf3UCNHqUKUf/SkQR2eUCtxrWKU0iGkQmZ2WCNe5WKU2OlkQmupXC573VK0cozkQVjXXC1jSTKUwK5kQoHxaCdMzWKU8qZlQ0oBcCNWKVKUtBRlQEDqaCND9RKknUelQ/RYaCxuHSKUQexkQJ6aXCVr0QKkfNSlQDysYCVVAPKErYxkQujWYC1MCMKkkHJlQ6OEUCldqOK0R1dkQObtTCVUeWKEwB9jQbD+UCNhYYK0H7GkQEiZYCJh3WKE395kQ S_000001_000
LY6WcC1MzOKk78rkQU4icC1hWRKUPKgkQCsidCFDSNKEBWzkQpbabCRg1MK0kYekQJbHbCRgVNKkvfIkQ8S/ZCVihLKUwKBkQEtwYChpbMK0xLLkQ+TtZCpwlLK0xLpjQiWcaCBqmJKktzdjQzhuXC1NpMKknv7jQ+TNYCZlDLK0eUojQc94XCltTIK0eUqjQGZzUCRgVTK00NTjQf/sUCpZmQKEXPUjQsHtTCdnfPKkrHJjQgqhVCpEDPKUHafjQLyeWChVeQKktzpjQ2jqWCZ7MTKkqxpjQ46xVCh/0UKEsydjQnEzVCR0SXKkBBcjQSMwXCxf6TK0bS2jQNzMYCpFpRKkTi9jQ5leXCZkdPKECs2jQUv6bCFEANK0U5/jQrj2aCNpNPKUu1GkQ6zLaCZDsJKUhtFkQ4y7ZCVLXNKEaljjQw65WC9i1LKERVBkQ0ezXCNG0LKUBYbjQjbBXCtY+HK0AijjQTSJUCJxSUK0eeKjQpWlTCFFjNKEsOJjQT+FTC1ynQK0/1AjQJg+YCpbfRKEGBHkQ S_000001_000
Lv0VbCVNeKKEmuJjQKxAbCtyRNKEXPEjQkCvcCpvvJKkoFPjQmZ2aCBWpIK0NJ2iQQ1oZCR1IHKkR22iQ/UjYCpGPIKkSMoiQ99rXC5PFKKUbnziQyL9YCZk9JKUzMViQuznZCJGkIK01jEiQJb/WC12pLKEaRkiQ6mkXCtI7KKErcOiQpbyWChp7IK0kYEiQGEIXCpZmOK0MzoiQjsNWCVjXQKknvfiQpbSVC55rPKkYQUiQIwaWClBBTKk9okiQhAbXCx1DUKEEYxiQmZeXCpGfWKUgV0iQXkVYCxKHSKUMI6iQRLKYClBhPK0co1iQsxSZCZLJHK0xhFjQT10ZCtpSFKEDjyiQ5WAYCJrvGKkXAjiQEtiZCh2ZLKkXKaiQi4CWC9/ILK0BtkiQ1EoXCZDhMKUtWFiQG6XXCZxxHKEo17hQXSyVC95SUK0SbeiQUGFZCd7rSK0gRDjQptyYCd2OOKktu7iQ S_000001_000
LzMbaCJxQKKEZ7yhQPfHbCVihMKkZm9hQ78NbCxeUIK0eUmhQ3kQZC9TdLK0KHkhQiWcZCpEzNKEYlXhQQgFYCxf6OKkZmRhQ8SXXCZ6mPK0a8khQPfHYCBAgRKkR2EhQ0iMYCd++QKULyugQ5luWC5kISK01jihQ8nyWC1MzSK0JxKhQnErVCtduRK025/gQKxYXCNIQUKUgVwhQIF2WCBq2WKEEYxhQHv0VC5QbXKEtInhQEYdXCJFuYKktz9hQDCkYCBBGYKUO0IiQ67HZClYAaK0MzUiQKxIZC5leVKEAAIiQHahYC12pTKEpw7hQY58ZC5cVNK09sKhQU18ZCRGHPKEO7fhQfhlXCJkiNKUBzJhQPm4YCd3kSKUXbJhQToyVCJ57RKUh2mhQVn0WCNjvUKU5zIhQOM8VCtZORKkqXxgQTu7ZCNbnZK0NEdiQ6buYCR8ybKEVTViQcm8ZChjCVKk/GQiQ1W5YCpM2RKEN86hQ S_000001_000
LXkdZCBVDSKEpwhgQ2jqaCJxwRKUKcvgQU4aZC5OvQK0yhMgQjXKZChALVK0JxegQR2GYCFsCWKUzMRgQdolXCRfvYKUjXYgQ7RRXC5koYK0gAvgQEYlYCdTCbKUFuWgQY6mYClXKcKU46BgQO0qXCBVDbKEqG5gQEtAYCpG/cKEnEngQpw1WCNdTeKE99fgQMdzYCV3kaKkArIhQPKMZCtHlcK00NXhQmZmYC9oweKk/UXhQv0NaCtHFcKUf/khQUN2aC98tZKUFukhQUN2bCBVTZK0yhyhQOJeaCZPqXKUMIWhQXkdZC5QLYKECsIhQMaYXCJeuUKUlrRgQhScYChBLWK0KgCgQPkxWChHKZKEITQgQ/keZCVnYaKE0eagQLi5WCdfvbKkLEBhQwqrYCFtSeKUsqrgQMR6WCpUoeK0ijQgQ9gUcCxjlXK0ekyhQLyGcCZotaK0Hm8hQvv7aCRo7VKk5+VhQ99LZC5kyWK0oh+gQ S_000001_000
LDX/ZCBWJdKk/UvfQ/UzaCpGvaK0NJmfQSMoZCNdDfKEW5MfQ8SvaCZ7seKU6mKgQHaZbCZ7MhKEtIHgQfUgaCNdjjKUzMNgQdotZCFC8iKUMIggQZQQbCNyGmK0a8SgQamZbCRfvnKU6mAgQam5ZC5Q7kKkEDwgQpwVaCpFZnKkTijgQjsNZCJwqoKEaRagQIFGdCVM4mKEXPwhQCBWcCxJhoKEUNkhQwfibClX6nK0w1ThQFDibC9oQlK025PhQ67PcCtHVjK0jCbhQ0iEdCtdOkKEDCshQWO0dC14liKUGE4hQ3kAcC99zgKUIwShQ8nKbCxgQhKEtIDhQlD1aCFt4jKUgVAhQKUKeCtmsjKUTrqgQf23eCh9xmKk9z8gQ+1obCZeWhKkn9vfQvpNcC12QhK0HyPgQjH5ZC1O7jK0oUBgQLYIcCdqolKEu3YgQOhDZCRnTlKEBa3gQ0S1aC1WooKkqysgQbheZCF/cpKUfiMgQNBZcC19aqKEn5nhQ2SXeCVvUjKkarDiQ5D0dCVcqgK08S1hQgazaCNS1fKEtD6gQ S_000001_000
Lc9MiCB/peKEYlrjQmuJiCpasbKEqGrjQBWNiCJGEgKkpbAkQJbnhCh/0fKULycjQmZehC57niKE8ncjQhr/gCdoVjKUFuKjQ46JhCNIwhKUGE4iQueQgCJaxiKEtIPjQsy5fCRLClK0jCZjQ03jgCtI7gK0cotiQcS8fCxJRiKULy4iQPaYfCJY0kKkkSxjQgQUgCBSakKEGuAkQiWkfCxKnkKEVjtiQMdzeCx0dYKE8nQiQuzneCJvEbKUgVMiQEtQfC55LdKkvfUiQUNGgCZPacKUIwiiQ03PgCJG0ZK0MzoiQAAwfCxgwXK0jCfiQ357fCJwKVKEBWjiQlYwgCFDyZKUy23iQgq5gChWUcKU3k6iQQghgCJxAeKUgVuiQZM5hCVPnjKUtpajQYtRhCZWIjKUnXqjQAADhC1SPlK0CRHjQRIOgCZSMhKUwWYjQi/kgCFhghKEdqeiQ6CMfCVBBhKERP5iQ8dmeCl5kkKU3CriQ3R7dC5QfbK01yBiQnFZfChA0TKESFciQQvTgCxxnUKUHvtiQ03PhChT8cKkCeEjQ S_000001_000
L1uYfCJxzkKEDAxjQ3ZyeCllenKUaG1jQCeieChIYiKUKiyjQq8TgCVUckK0izAkQEXTgCtWklKkFqVkQQwgfC9HonKkX9XkQJ7eeCZ5EnKkQHIkQTSzeCJLtnK0GntkQu7XeC9vXqKkXKykQ0iPdClyimKEguSkQvrldChe6lKUo9pkQNE7fC9N5kK0mAZjQSCgcCxQamKEP13kQGXDaCFnmjKUixXjQSJcaCJoImKkxpdjQxS6ZCVMKoKkVZSjQCPSbCpjpmK0QatjQdBubCZLZkKUFB3jQpTZbCZpxhKkBZyjQTMfaCNJQhKU0chjQF2EaCRcEfKUg5ajQLuDcC1ECgK0fBAkQGnwcCl3lhK0xdMkQedmcC1pQkKE43HkQVCvgCdtamKk8fYkQttOgC51IkK0tIgkQdF5fC9fZpKEFEVkQl8XfC1LAnKUa/4kQvTpcCFSGoKU4NSkQdB3dCRWCkKUuNrkQNvwbCxnNlKEqC0kQz7aZC54bjKEL3LjQkqJaCJqAqKEp3VjQGNSZCx1ynKUBtGjQryVdCNJ7gKUy5XkQ S_000001_000
Lp6SfCZBUsKkcZAlQm8leC9T0sK0U7UlQZfVgCh1MrK0EnAlQKrUfCNtCvK0UPzkQiyNeCNY0wK0SozkQR7peC9PrzKEL12kQOP8eC5QJ0KUUSNlQU17fCdxf0KkwbrkQ8AvfC9BG1KkmfVkQmS/fCRiC2K0QKPlQl+MgC5P42K0tl4kQP/sfCdiP5Kkg5ykQDIRiCp9h3KkQG0lQMh2hClaM5KkP2plQvERhC18q4KEqlglQEIHhCJOE2KkgkilQMLfhC1dH0K0GpslQfKGiCVV70K0M01lQitgiCNSRzKUkBAmQQyKhCd0pxKEVirlQrdngCBUKyKUKAhlQcKjgCxsy0K0SFblQKdndCJsTwKklW/kQKuudCherwKEEEmkQvi7dChs30KEEVykQP9SgClMDzKU8rskQ4nqfCx6m3KkVBXlQ1CsgC9zH3Kk2i3kQlHnfC1GU5KElTjkQ38/hCJ7D7K06CplQtf7iCl98zKkYGGmQNbZiCh2XxKULeBmQSFSgChdywKUnpdlQ S_000001_000
Ln7egCtl90K0fBFkQtCxgCRCOyKEdwFkQ4YQgChpF2KUYRwjQvpBhC1n+2KEJCPkQ8nqhCVMY3KU2OFkQjsFiCFYV5KEAASkQnv/hCRg14Kk9ookQOJ2iC99D5KEmuPkQ8SHjClXK6KUPK8jQwfmiCxJR5Kk78zkQBWFjCdnf6KEAAkkQPf/iCR0S9KEUNkkQ/U3iChVu2KE+T9kQhrXjC9m02KkX6MlQy2ljClYA5KUO0SlQR2mjC9og0KEEYVlQkCXjChALyKULyOlQFumjCFC8vKkQgXlQUN2iC9RByKEZ7+kQMdniCJGU0K0Gv2kQQcmhCVBF4KkQv2jQFi5hCtDq1KU0XEkQ5U8hCxDK7KEUsOkQk/9iCRrK3KkWdQkQl9giCxhj6KUJc/kQ1WjjC5gF6KU2InkQ9rDjCVY/9KEdtVkQ9vbjCpQMuKES/SlQcM9jCpADwK0JailQFxqiCpvSwKUAN6kQY8QiCVlP0KUY2rkQ S_000001_000
LM9PiCJTVfKEMzgoQD0MiCxcjcK0TrcoQ5GRiCVozfKEjhsoQEYphClBBhKEW5boQdTmhCJFehKE/pQoQzM7gCRKsiKkEDOoQhr3gCJxQlKU2OToQPfzgClsdjKEueCoQLyqgClsNhKEsy3nQb8WgCFuumKEDCOoQJGMgCtdOlKUIwDoQx1LfCBAwjKUGEFoQEYlgCFsipKEAAMoQAAIgCRhbrKU46HoQsHFfCJaxqKkEDGoQyLVgChV+tKkEDGoQam9gClXquK0KHIoQ0iIhCZ7MxK0KHGoQMIchCFDysKE7RMoQO0OhCJaRqKkoFOoQEqphC1xwfKUw5MoQbT9hCduriKkFdOoQB0VgC9vztKkvcjoQRrkgC5cghK0EwQoQaqMhCxJakKEYd/nQRe7fCtgwmKkFsSoQEXJgCpffmK0sn7nQIOPfCBbHiKkxwAoQr1lhCxuzxK0bfHoQMQzgCpBdyKUGRDoQFu5hCBGUtKUhxNoQDPjhC939oKUa7QoQ S_000001_000
LQd8gCB5JhKESsfnQoBnhCZLfiKEDbfnQsU4gCBvWeK0XJYnQ8jbgCxyAjKUW5SnQF/jfCVyDiKUEfOnQMLueClVPkKEkgEnQqDneCltcmKkTSTnQlsTfC52llKEH6wmQcaHfCFOEkK0yQemQikbeChm0oKE2tHnQybeeC1mHoKUHBwmQRLMdCVJpnKUFcnmQON6fC9HuyKUXMLnQvXyeCRfkxKUnqDnQFfdeCdn+uK0gNDnQTacfCBLetKEptLnQmvUgC5yXuKUODUnQ/8bgC1SJxKEWoTnQJo/gCtKRyKk8FbnQ0WtgCRhRsKU+abnQpjVgC9xKqK0JbXnQdBefCR6uqK01/NnQ1XJfCtqdhKEW3bnQf5nfCNdigKE8pEnQK80dCRyhjKEwiBnQrhIgC544lK0OMzmQzTjdClokpK0iOLnQlF8eCtBjpK0gPomQGuQdCdeTmK0DDcmQueHeC9qyyK08s9mQjODhCFuN0K0OcanQjPWhCloJxKUNQhnQKcegCVpVoKE74anQ S_000001_000
LQgGcCpaTjK0vi4jQScobCNL8jKUCmijQwSVcChMglKkCFIkQDvcdClynhKETl2jQz9EeCdUigKEJAJkQ9cMfCZWpeKE1GDkQbsneCt2ScKUX94jQ+uHgC5oufKEwhzjQS5wgCdZreKkvz4jQd1NfCtH5bKErskjQo7xfClsmeKkUFejQHoZgCVcWeK0zkOjQ5sKeCtl7aKUsyVjQArNeCJIRYKEy4PjQjHEfCZHuWK0RWWjQoQOdCd5dXKkeFCjQ7gNcCBXBZK0+t5iQlJZbCZNAYKE+btiQVdOcCpQwbKEzhAjQDbLdClilcKUo+NjQkRadC5LkfKk9dRkQVZceCB7/hKEmoRkQHZpfCdvFeKkNTQkQ83HgCt4rhKk9ZzjQ83DfCxjufK0EYYjQWRNgCJjndKU9ZBjQQe8fCtMlaKUZQljQZMPdClilVKUPs9iQztibCVMAdKkHY7iQ8tKdCxydeK0nYSjQ S_000001_000
LU4KaCtyBrKkDtOlQdzRZCFokqKU2cIlQtLvZCxvYrKEN1clQVfCaC9O8sKEUkKlQM9DbCV9erKER9UlQ7kmaCp1qqKU6kAlQURTaCdWHpKUz1SlQ S_000001_000
LvJRaC1MjtKET3UkQdmLaC51UuKkoLGkQQVWZC5pvtKEX6WkQwCaaCpkQvKkpbakQAtWaCtjxsKk9ijkQO+LbCxvWtK0O0SkQtQIaC901rKk8SPkQ S_000001_000
LSBTYC1iEqKknkBlQjjGYCpEipKUbNzkQumcXCx1EqKE3mIlQ S_000001_000
LGsQZCNByrKUqYslQuzGZC5viqKEIz3lQZG6YCxMctKEJixlQ S_000001_000
LHQ5ZChCDvKU1AGlQUIJZC5u0vKkt2+kQZifaCx4gwK0lUIlQ S_000001_000
LXvCcClC/rK0f1blQZ/KcClC/rKUvArlQ3b7cClC/rKkMCWlQ S_000001_000
LjEFbCNkRqKEdBxkQJSRbCJmaoKkJAvkQ1NjaCRhwqKk/2kkQ S_000001_000
LigcaC5iAnKESZXlQIyqaCVzrmKk6DmlQ83GbC9+CmKUpcPlQ S_000001_000
LqfFaCtcLvKEAC2jQm9xaChbevK0IxrjQbhSZCxoyvKEzFvjQ S_000001_000
LzwMYCxO/tKkSeZkQRngXCZUusKEfPWkQkCvXCNyfvKksRfkQ S_000001_000
LdKlaCxXZxKEXZhkQJUUbCtX7xKU7MqkQnF2ZC9vcyKUFamkQ S_000001_000
LzzcaC586rK0lszkQ3VwZCJ+nrKUd99kQDyPbC5wTrK0yo6kQ S_000001_000
LqiVcC1KHtKkTQQkQno5cCVuSsK0BwakQ1XtcCpiksKU40CkQ S_000001_000
LAJ9ZC5BtpKEPVIkQnw7ZChxCoK0v8PkQxWzZCV7NpKEMu5jQ S_000001_000
SCORE:  1341.696    -76.571   1237.919           0.981          5.939                    6.103    -37.793      2.850      5.000         89.123              0.000              8.315     -62.673        -3.265           31.518            -2.814            -0.225     -30.103    118.940        -4.000            0.000      43.700         0.000         8.752                0.000 12294.490          2      1.386       3.091    S_000002_000
RES_NUM B:8-12 B:127-137 B:169-179 C:205 C:207-208 D:1-3 B:1-2 w:1001-1012 S_000002_000
SUBMOTIF_INFO RES_LIST 30 34 SUBMOTIF_TAG base_pairs/ua_handle_1q9a.pdb SEED 0 S_000002_000
FOLD_TREE  EDGE 1 3 -1  EDGE 3 5 -1  JEDGE 3 30 5 C4 C2  INTRA_RES_STUB  JEDGE 1 31 6 C4 C2  INTRA_RES_STUB  JEDGE 30 28 8 C2 C4  INTRA_RES_STUB  EDGE 30 29 -1  EDGE 31 32 -1  JEDGE 29 33 1 C4 C2  INTRA_RES_STUB  JEDGE 28 6 7 C4 C4  INTRA_RES_STUB  EDGE 6 16 -1  JEDGE 6 17 2 C4 C4  INTRA_RES_STUB  EDGE 17 22 -1  EDGE 22 27 -1  JEDGE 22 34 3 C4 MG  INTRA_RES_STUB  JEDGE 34 35 4 MG MG  INTRA_RES_STUB  JEDGE 34 36 9 MG O  INTRA_RES_STUB  JEDGE 34 37 10 MG O  INTRA_RES_STUB  JEDGE 34 38 11 MG O  INTRA_RES_STUB  JEDGE 34 39 12 MG O  INTRA_RES_STUB  JEDGE 34 40 13 MG O  INTRA_RES_STUB  JEDGE 34 41 14 MG O  INTRA_RES_STUB  JEDGE 35 42 15 MG O  INTRA_RES_STUB  JEDGE 35 43 16 MG O  INTRA_RES_STUB  JEDGE 35 44 17 MG O  INTRA_RES_STUB  JEDGE 35 45 18 MG O  INTRA_RES_STUB  JEDGE 35 46 19 MG O  INTRA_RES_STUB  JEDGE 35 47 20 MG O  INTRA_RES_STUB  S_000002_000
RT 0.942717 0.330879 0.0424639 0.302518 -0.901595 0.309206 0.140595 -0.278648 -0.950046 -0.100483 -3.85006 3.04626   S_000002_000
RT 0.303181 -0.425812 0.852505 -0.0618028 -0.901515 -0.428313 0.950927 0.0771689 -0.299638 -2.39685 12.746 12.3837   S_000002_000
RT -0.983009 -0.183478 -0.00542685 -0.0455982 0.215446 0.97545 -0.177805 0.959124 -0.220152 -7.3391 -10.1896 3.34368   S_000002_000
RT 0.622358 -0.612595 0.487234 -0.781578 -0.452564 0.429327 -0.0424987 -0.648007 -0.760448 -1.03812 -3.00958 -2.12901   S_000002_000
RT -0.640913 -0.717853 0.271879 -0.751054 0.659608 -0.0289026 -0.158586 -0.22272 -0.961897 0.12695 -1.00198 6.75575   S_000002_000
RT 0.828156 0.4533 -0.329661 0.455718 -0.886975 -0.0748035 -0.32631 -0.0882837 -0.941131 2.5143 -10.6731 -9.70851   S_000002_000
RT 0.778711 -0.61736 -0.111695 -0.627378 -0.766962 -0.134781 -0.00245707 0.175031 -0.98456 3.33528 7.67889 -9.82747   S_000002_000
RT -0.831267 -0.555319 -0.0248381 -0.555182 0.831631 -0.0127206 0.0277201 0.00321545 -0.999611 -12.5475 -12.6305 -3.65815   S_000002_000
RT 0.612079 -0.790796 -3.71925e-15 0.790796 0.612079 2.66454e-15 2.498e-16 -4.58661e-15 1 -2.1 2.33147e-15 3.2474e-15   S_000002_000
RT -2.33147e-15 3.94129e-15 1 -0.612079 0.790796 -4.60743e-15 -0.790796 -0.612079 5.96745e-16 4.44089e-16 2.1 -5.66214e-15   S_000002_000
RT 0.790796 0.612079 -2.10942e-15 1.72085e-15 1.19002e-15 1 0.612079 -0.790796 -1.38778e-16 9.15934e-15 -2.05391e-15 -2.1   S_000002_000
RT -0.554877 0.734414 0.390829 0.00189554 -0.468667 0.883373 0.83193 0.490904 0.258661 2.1 -2.33147e-15 -3.2474e-15   S_000002_000
RT 2.33147e-15 -3.94129e-15 1 0.612079 -0.790796 -4.60743e-15 0.790796 0.612079 5.96745e-16 -4.44089e-16 -2.1 5.66214e-15   S_000002_000
RT -0.543501 0.450092 -0.708536 -0.714671 -0.690861 0.109343 -0.440286 0.565799 0.697151 -2.83107e-15 -1.05471e-15 2.1   S_000002_000
RT 0.612079 -0.790796 -1.41553e-15 0.790796 0.612079 -2.44249e-15 2.77556e-15 3.53884e-16 1 -2.1 2.44249e-15 2.27596e-15   S_000002_000
RT -5.27356e-16 -4.44089e-15 1 -0.612079 0.790796 3.16414e-15 -0.790796 -0.612079 -3.19189e-15 -3.10862e-15 2.1 5.55112e-16   S_000002_000
RT -0.733643 0.125668 0.667814 -0.496468 -0.770151 -0.400482 0.46399 -0.625359 0.627406 -1.45994e-14 -1.70974e-14 -2.1   S_000002_000
RT -0.510022 0.727975 0.458181 0.582305 -0.099839 0.806817 0.633087 0.678296 -0.372983 2.1 -2.44249e-15 -2.27596e-15   S_000002_000
RT 5.27356e-16 4.44089e-15 1 0.612079 -0.790796 3.16414e-15 0.790796 0.612079 -3.19189e-15 -3.21965e-15 -2.1 -1.55431e-15   S_000002_000
RT -0.431649 -0.723851 0.538255 0.688162 0.121533 0.715306 -0.583191 0.679168 0.445667 8.32667e-15 2.02061e-14 2.1   S_000002_000
ANNOTATED_SEQUENCE: g[RGU:Virtual_Phosphate:BlockStackBelow]ugug[RGU:BlockStackAbove]a[RAD:Virtual_Phosphate:BlockStackBelow]gagacuagac[RCY:BlockStackAbove]g[RGU:Virtual_Phosphate:BlockStackBelow]gcauagucca[RAD:BlockStackAbove]a[RAD:Virtual_Phosphate]a[RAD:Virtual_Phosphate]cc[RCY:Virtual_Phosphate:BlockStackBelow]au[URA:Virtual_Phosphate:Virtual_Ribose]Z[MG]Z[MG]w[HOH:VirtualWater]w[HOH:VirtualWater]w[HOH:VirtualWater]ww[HOH:VirtualWater]ww[HOH:VirtualWater]w[HOH:VirtualWater]www[HOH:VirtualWater]w S_000002_000
LShDnCZ5AzK03PnnQYlnmChrnwKE99lnQlYMnChVO0KkmZ8nQZQwmCxgQ1K0coXnQx1DnC9m03K0bSWnQWOAnCFu+4K057/mQ/U/mCR142K0z3vmQhAXmCBAg6KEEY7mQCsWmCltD9K0xLFnQ/UnmC1Mz3Kk78dmQMIYmCR1o6KEnEjmQNz0mCJvk8KET3amQDCckC13P2KkAr0lQ5l2kCFCc4KE8n0lQDXrkCNIg6KkSMolQIFalC1hm4K0NJAmQamhlCJEY2KEAAMmQoFJlC14F0KkoFNmQtIjkCRK8zKkDtAmQyLJkCtHFyKUbn/lQJbblCNIQyK0d+amQ469lCRKczKU14hmQ67DmCZ781KkQgZmQJJinC9Oq3K0+FanQ101mCFHC5KkQcgnQLbgmCpcwxK0u+slQG62lCFvjzK0JSXlQYNZnClWH6K0eL9mQ9p+lCxzc5KkdiAnQzg6mCxM23KURjRmQHe7lCxf66KUaFdmQZG1mCx/H+KE+ckmQOaCkCVYU2K0nprlQtU9kCF9G8KEEtnlQ+NRkCRba6KEjkflQd0RmCZynyK0JFsmQ S_000002_000
LY6ylCNep9KkU4WnQv0llChWE7KECsgnQuzDmCNdz/KULyknQqxLlCNIw+KEQ1InQueMlClDdBLERLCnQPf3kC9S3BL04lsmQsy9kCRgl/KUIwemQqGHkC5kICLkrHtmQOJ6jCxfqELkDt0mQCBakCJbX/KkR2QmQYl7jCtIrBLknvVmQgVCkCd94DLkEDImQoFFkCd+u8K0JxUmQMIgjCNdD8KkZmJmQIwOjCR2e9KEXP8lQ99PjChWk5KkR2OmQfUgjClYw3K0fqdmQXPOjCBqm1KU0igmQFuGkC9Sn4K01jomQnEXkCxJB7KEv0jmQHRqlC9mDCL0DQBnQoW9kCl/iCLU3wMnQyYElCZUbDL00rlmQeI7jCNruALEtQ2mQzSjkClGf/K0E5BmQBDejCp+CBLUxLUmQpE8jC5liFL0v6PmQw91iC9rA5KE+THmQwWUkCxtc3Kk2KzmQ/ExkCp/k7KktUrmQ S_000002_000
LDXfjCZ5wELksdKnQXPujClBhCLEaRYnQxggjCFYlHLkBBSnQx1viChrHELUIwCnQU4aiCx1DGLEoa2mQ2j+hCFZrELkmZmmQSMQiCpFJCLEpwfmQWOUhCtduDLU2OvmQyL5gCNH6FLkZm1mQjXuhChArALUPKWmQc9EhCd9ICLktzbmQJb3gCpvvDLEueKmQHalgCZ5g3KUhrVmQKcZgCh/05KkrHLmQktrfC98t5K0d++lQzMvgC9SH8KksdMmQUNShCZP67Kk8SZmQ0ighC1is5KkmZkmQBWJhChqR3K0a8imQy2RhCtcI1Kk78rmQNeFiCJxQ6K0w1vmQ6mMiChqx8KUNermQhAvhCxf69KU46dmQHSwiCBUKHLUDGvmQXzJiCt/MHL0J4/mQc57hCBE0FLkgrZmQEeZhCtpjCLUnh7mQdNyhCZ8qAL0ImGmQRbugC1T3AL0+qfmQHmpgC1AXFL0xFQmQRbTgCJT71K0HwTmQzWYfCF/T7K0lO3lQVMLfCdHD4KUL39lQf5kiCZEy9KUPQxmQ S_000002_000
L46lgCFX/FLUKcNnQAAEhCVOkELkEDcnQiWYgCFDyILUy2RnQ2O3fCJFOELE/pKnQBr0eClYAFLkVO8mQb8CeCNdjCLkoF1mQmZ+eCJbnALkYQsmQGEYdCNz8ALEQ1GnQb8KcC5kICLE7RPnQbnfeCd++9KEpwvmQ2jKdC9oQ+KUbn7mQ6mEcCdSM+KUwKtmQ03ffChpb8KERL8mQBrUfC9Tt5K01j+mQZQYeChqh4KUIw2mQ7RJgC12Z4K0kYKnQT3sgC99j5KU14TnQjXGhCdSM4KUGEenQuewgC9na8KE/pQnQCsSgCx0t9KUzMFnQ3WOfCJO5FLknzvmQTbOeCZ5QGLUVgDnQU+ZdCliFDLUGBqmQzhAeC1ftAL0opSnQmrVeCFbG9KUf+hmQSNFdCp5y8K0W8FnQvaWbCRYU/KELyymQUkFgCpMe2KUaNMnQJoIhCx5Z9KEhyWnQ4CWgC1gp/KUgUDnQ S_000002_000
LaR2bC13vBLUjXonQMIIdC5PlBLU0i0nQsH1aCFsyDLktztnQYlLbCtH1+KEBWpnQ6m8ZCx1T+KkpbenQDXnZCdoV7K0jCdnQnvnaC5Q75KkDtQnQSMoZClBx5Kk78xnQtdeYCNHK6KkoF/nQXP6aCtIb3K0kYanQoFxZCZP62KkZmpnQmupYChqB2KUbndnQNz0eC5QbyKE+T9nQSModCxfaxKkBB2nQ14ddCZ5wuKEaR4nQpbqcCBW5yK0xLtnQnv/cChqh1KkVOsnQwfKeClst2KEnEznQGZLfChrH1KUjX8nQNzIgCVj31KkArBoQW5IeCNzc5K0IbvnQY6+cCJb35K01jmnQLyOcCFYl3K0NJknQuY7bCF8y4K0ETOoQCxkcCJTA1KkTDToQDNAaCBgB/KkC3PnQY8NZCNmN/K0VCmnQY+vYClEI7K0S3VnQ36aaCZDR6KE/O6nQWC8aCdWA2KkdkPnQei9ZCRjp1K09M1nQ2j1XC9Mz2KkNvjnQwydfCJkKxKk9xBoQ11ocCFK6tKEpbznQCPLeCNhrtKU7v+nQYArcC1xo7KUIEinQ S_000002_000
LwKHSCJEotKEUNAkQwfiRC5P1rKkArQkQ7RpRClDdtKknvpjQcSsTCFDStKUO0AkQJbfUCtznuKkWkxjQEtwVCFX/sKUbnvjQsHdVCJxQqKkCXpjQMdzWCZk9tK025fjQU4CYCtyRtKEqGpjQgq5VClYwpKUgVUjQfUgWCdRWsKUhrLjQU4qXCpGvrK025/iQVjXTC5kYhKEZ76iQuzfUCJwqhK0eUGjQmZGVCFZ7jKkmZMjQzMbUCNJGmK0LdFjQSMQTCtzHmK0co5iQQgtSCNymjKEXP0iQXklRC5PVjKEQ1oiQCB2SClstoKEEY1iQKxwTC55LqKE8n+iQ03vUCRfvoKUxgIjQK+qUCZScwKEho2jQHUAUCh9tuKk++jjQs2+RC5s/nK0lEtjQKZGSCx14jKk0VujQkgNWCl/8sK03i9jQthsWCJK5vK0QydjQhglWCFkWoKUOaUjQN01VCNvPtKkzpCjQA9bYCF1nsK02mGjQMN8UChvAgKEDzKjQD3PRCxsihK0ZbliQXhGRCN06kKkg5jiQR8vTCxYJsKkyZ+iQ S_000002_000
L67PZChWUvKEtInjQ5QrYCNc9xKEBWhjQqGHaClD9uK0bS6jQBWBaC1NJuKE/pSjQ99DbCZPqvKErcIjQU4SbC9S3uKUwKxiQKc1bCRhLsKUktviQoaEaCxf6uKE8niiQ78VaCZ6mwKEQ1QiQ35TbCNc9qKkuJdiQMI4ZCFu+rKkpbciQBrUZCNHqrKEv0HiQFu+ZCBAghK0bSEiQtdeZCtI7jKUbn9hQKxgYC1h2jKECsuhQc94ZC9RRmKEqGFiQJb3aCJxAmKUJGUiQMdbbC5QrjK0isbiQR2+aCBrMhKUbnTiQSMYbCpa8eKECsYiQmuZcCdSMkKEW5qiQRLacCd8ymKkSMsiQZQgbCZlDoKUc9eiQhm5bClcZvKktSQjQOx0aCR9jxKkczIjQDR8bCRoGwKEdyqiQEBTZClhjvKEXyqiQvNybCFAirK0HNQiQzLWZCpDBrK00IniQvN3YCtf7pKkCIHiQX2mZChO4fKU3z9hQ1mHYCtbhlK0gZphQ5vMYCdlIiKUWDphQCLAdCx1ynK0Nx1iQ S_000002_000
LWOMZCFCcyKkDtGiQc9gYC9n6zK0KHYiQiBxZCFu+zKECs0hQBrMYC98NwK0Ib9hQ4P1WC1iMwKUwKDiQUN+VClu5wKkEDwhQQgtWC1NZwKkpbchQ4PtUCFuOvK0w1thQEtoTCZ7MwKEZ76hQiB5VCFX/uKkqxNhQ+TdUCVMYvKEmuVhQ/U7TCpZ2xKk9oOhQCsiVCls9lK0KHmgQ1NBVCtcYoKU14hgQmuJVCNHqqKEW5sgQGZ7VCd8SqKUdT+gQLHiWCRh7nKUFuEhQWOUWCNHqlK0is3gQ+T1WC13PjKU147gQfUQXCx1ToKEEYXhQT3EXCdR2qKEsybhQwfSWCtILsKEBWNhQKyrWCBCgxKUloOiQw+lWCRWauKk+YIiQ3lvVCJnzyKE0vwhQeD6UCh3XtKkLvxhQqj+VCdvvvK0QX/gQ6+4TCxv5tKUN0QhQVnUTClTjyKEonZhQRsdUCR5foKEf/UgQ3kpWCNgvhK00RygQ/WZXCNJ/iKE2iIhQpKeXCRZurKUVUohQ S_000002_000
LMdLTC5OfuKEEYPiQDXXUCpa8tKkX6ciQuz/RCNJ2vKU6mYiQ/puSChArrK0FZFiQPffRCtzXrKkBB6hQDCkRC5kIpKEShphQqx7SCxLtoK04lihQtdGRCR1YmKkuJxhQGZrPC5kImKkBBwhQjXKTCdS8lKUzMfhQDC0RCltjkK03PhhQShLRCV4akK0jCNhQ8nCWC1MDeKU0i2hQqxLVCxgQeK0FZlhQueEVCBBGcKEW5YhQzheUCRKcgKkX6ghQNzsUCdSciKEqGvhQLHiVCRhbiKU6mAiQmuRWCNJGgKU2OFiQWOEXCFuufKUMIUiQ2OfVClC3kK00NLiQ1NpUChqRmKUJGAiQMIIUCRK8kK0JxuhQgBSRCFZDtK0rsyhQ3xxQCJ49qKUtQEiQlvBRCpDppKkmBdhQ0wZRCdHHmKUG5/hQ7vgTCtcrlKE7sQhQsH8RC9ewiKkuHnhQKOsRCV0NjKkEwDhQ+2gWCdcWcKkEh4hQ55dUCp+HcKkkhMhQTllVCVneaK0CFchQboZUCVqHoKEAtDiQ S_000002_000
Lmu5OCx1zjK0Gv8hQ35bPC55rjKEQ1SiQZ7cNCBAQkKU5Q5hQIFWPCNyGhKEQ1whQwKvOCxgQgKUzMdhQNeBPC9mUdKkU4YhQNzcQCZm5cK0GvWhQ5lmOClsdbKEW5qhQ03PNCpasaKUgVohQcS0QClXaaK0z3fhQ/UjPCpZGZK01johQueEPCJEIXKUgVahQ3kYUCluJWKEnERiQf/kTCNJGVKERLCiQhArSCV3UWKk781hQ03nSCls9YK0HF6hQc9YTCFYVaKET3IiQcSUUCltzYKkR2UiQAAIVCNJ2ZK0isjiQcSETChqBdKULyIiQlYISC5lOdKUPK6hQPK0RCBq2aK04lwhQK6FPCZqVhKEaaRhQMNxNCpBigKEEIehQvblOC5WzcK0veLhQm2uOCVGYcKUQo4hQm1MRC9DSZKU/mUhQZbxPCBCUYKEGf2hQcOuPCptqVK0YiZhQwVqTCNcKTKU75/hQZxvVCF5rYKEngriQYSGVCFFxbKUPxmiQOtsRCVQ7eKE8c2hQ S_000002_000
LPKUMCpvfaKklD9hQJbnMCVO0cKUf/KiQnE7KCxeEaKEmu1hQwK3MCNy2XKk9oIiQpbqMCVOUVKklD/hQuznNCdnPTKU46HiQ2O/OC55LUKknvHiQShbNCJahSKU5QfiQO0SMCJb3QKUNehiQe+uPC99jSKk++ViQe+uOCpEDRKU46jiQXktOC99TOKkYQeiQjXqQC5OPUK00NjiQc9wRCJaBTKE7RtiQ149RCdRmQKUiBriQgVmSCR0iUKk8S5iQqGXSC12JXK0Of7iQXkNTCx1jYK0LdHjQuzPRCpacYKkQgxiQShbQChA7WK0fqliQlNzMCFPeVK0OlvhQzkvLCdxuUKkwxBiQg3kNCR2oRKEP++hQJEVNC9dKUKkMrniQ3+PQCVxRRKk8fNiQqDAPCBBQRKkh6yiQVC9OC1PPNKU/xqiQXsETCl6eaK0ZeJjQ7b+TCF1qXKEzOOjQRzFRC1eXaKUIQziQWRqPChswXKU7qeiQ S_000002_000
LjXyLC1i8PK04l4iQUNGMCFYFSKkYQIjQ9oYKCNdDPK0251iQ78tMCFZbNK0259iQaReMCNe5LKEueQjQbnvNCx1jKKUJGYjQzM7OC99zLKEnEPjQ2O/NCJv0KK025vjQYlLNCBVDJK0fq7jQZQAQCVOkLKEpwdjQXkdPCV3EKKk8SxjQgVuPCFsSHKU0iwjQSMgQCpbSOKUGEkjQkCnRCpbiOK0IbxjQAAQSC9nqMKE/p4jQEY9RCVMIRKkVO2jQyLVRC55bTK03PvjQEtwRCVjnVKkX60jQPKMQC56BTKEVjhjQlD1PChqhQKE/pcjQLNzLCZEiKKkMONjQrRIMC9vENKEzvbjQ29uNC56rIK0jhTjQYtzNCF1qMKkOU0jQEnuQCFIhKKEaUXjQdo4PCNi2KK0CA+jQNRsQCZIAHKEKixjQGCvSCJRXRKU3m/jQLTsPChUkUKku9bjQnRDPCJ7RQKURWTjQ S_000002_000
LLymMChqBKKkVOSkQFuWNC5QbMKUzMZkQEtILCRKMKK0HFQkQCB+MCdRmHKU14hkQhrPOCVOUGKkoFhkQsyRPCRKsHK0xLvkQIF2PCx09JKEaRkkQFDyOCZ78IKUy2DlQepjOCNz8GKkZmTlQ99jQCtxbLK0w1zkQoa8PCpEzKKkZmJlQ5Q7QCJGkJKU0iWlQJGsSCdolUKUGEElQTi5SCluJSKkpbMlQGZTSCdR2PKEEYHlQKxYRCBrMQKEpw3kQ99DRCV3kSK0fqtkQW5wRCtz3UKErc0kQYljRCR0SXKEUNskQNzEQCtxLSKErcekQlD1PCxKnPKUbnfkQsHlQCdTSOKU0iukQXhkOClGVGKk6SSkQ4jJOCJadEKUd2lkQe0/PCV2aGKEnYykQnK9NC5a8JKUe9AlQL7eRCN2wKKEZbzkQsOoPCpNdMKEURQlQOmDRC17oKK0tejlQT6kTCtcCSKEsuXlQPgESClA1YKU/dxkQ5+4QChtiXKEI4gkQwbKPCBitOK0loWkQ S_000002_000
LJGcNCpwVHKEmullQoFZMCRhLJKUktdlQWOENCB/pEKUy2tlQMIQOCpZ2IKEDC4lQuzXPCZljHK0FZBmQ46RQCJGkJK0eUMmQpbiQC9S3LKkAr+lQDXvPCNzsKKU2OhmQaR2QChVuKKEYlvmQsyZQCFZLOKkCXLmQDXPPCNzcNK057ZmQ/UDPCBqWPKkmZqmQe+eNCZljSKkVOSlQ6mUNChUIQKEaRclQSMQMCRhrOKksdWlQgqJOCtxLPKklDrlQ5QLPChU4QKEqGvlQzMbPC5PVTKk++llQXPiOCVOUUKkYQWlQUNmOCxLdWKkmZMlQZ7kQClsdUKkmZulQuz/QC1isSKUPK8lQoaMQC5leQK0Of9lQe23PCJnnGKEiM2lQljDPCl5PGKUW7LmQ91IRCl5sIK0YePmQhHAPCZ6kJKUNQmmQWtMRC9niOKkBDUmQuoaOClYTNK08gRmQh5YOCxGrQK0qtlmQ+L0MCFsETKkKiHlQSrFMCp17MKkvHdlQdqoLCBAXPKEElLlQLizRCZg7SKEl0EmQ S_000002_000
Lb8yQC9RBMK0d+GnQ3kYPCJxQMK025NnQ3kwRCRLiKK0yhUnQEYVRCFX/OKU3kCnQSMoSCZQgPK0FZ5mQEYFTChUYSKUiB9mQVjfSCtILUKk/UtmQIFuSCJEoTK0yhSnQyLtTCpbiVKktzXnQY62RCR0SWKUgV4mQy2ZRCNIAVKEnENnQ03/QCV46WKEaRcnQdoFQCxggeKUdTQmQ/ULRCNeJeKkvfcmQf/kRCtx7bKU0immQCBuQClX6ZKkoFjmQ35jPCtd+ZKUiBXmQbnPPCRhbcKUzMNmQFDKOCFDycKEtIBmQ5Q7OCxJhXKkrHXmQyLtPCdTCWKkoFjmQ5QzQCNyWXKEQ1qmQFulSCdrKPKEF9pmQRKSTCRxSOK0Z2/mQaxDUCZsdSKEEj7mQ2eqSC1lNSKkYXdnQFVeSCBDxXK0ej7mQS+rQCFzsTKE7oKnQPjJQC9atXK0dpXnQMfwRCVitfK09TemQNq+NCt8heKEco6lQWZiNCdxSbK0Uw+lQOThPC5sJUKESQmmQ S_000002_000
LMIAVC9owUK0FZlnQXPqUCZ5gSKEv0znQ9oIWCNzcUK0kYWnQsHNVC12ZXKEVjznQc9IUC9SXYKErcAoQOJuTC98NbK0co7nQ5l2UCVNucKEVjznQDXnSC13fbKEQ1qnQPfXRCVihcKEsyznQ8SfUCpvPeKUHahnQGEQTCx09cKknvXnQpwdSCVN+eK025NnQPfnVCBVTeKEpwRnQiWsVCNJWgKUdTCnQT30UCVjHiKkZmBnQe+uWCV3UgKUdT0mQpbqXCZmZeKE7R1mQO0qYCVNeeKUzMnmQ/pmXCNdTcKULyEnQBrkWCdoVcKkvfSnQzO1UCxziaKEK8gmQ4gbUCdtTYKEv7HoQPDXTChrMXK0uH/nQ3gZTCVDFcK0YXEoQCucSCxIwZK0XOknQtcRUCZXEgKkgAmnQLQjTCxUtbKkZuMnQv6YSCJRleKk7l+mQbNXZCJtFdKkqinmQDktYCBF6fKUricmQSnSYCpD6aKEzVFnQLggWClL7aKE3SdnQ S_000002_000
L5lGVCZQwrKU6mYnQ1NhUCNJWpKUO0inQAAQUCBBmtK0z3LnQ/UTWCV4qqKkYQKnQTiJXCVNesKUwK/mQy2RYCB/5qKUzM1mQwf6YCd+OpKEtIFnQ46xXCViBpK0z3jmQ++hYC9TdpKkrHRmQyLNZCxgwmKESh7mQY6+XClYQmKkWktmQ+TNYCNIQkKkEDemQZQQXCpv/hKULy8nQ35rWCBr8jKUMIwnQHvcVCpvvkKE+T1nQCsSXCltDlKUKcfnQjXiYC1jCkKEXPcnQPKMZCdRGiKU46nnQsyhYCRh7gK0fq5nQT38YCRKMfK0d+CoQlDdaCxKnhKEYlfnQ8niaCd+OjKk8SPnQ8naZCxJxkKEaRMnQo1fXC1/ytKkGSJnQTNoWCFOZtKkOH0mQNHVYC1nVeK03G5mQbbnWCFdMeKEnOMnQMY8YCxbKsKEBjvmQA70WCheWpKUWahmQRhAaCB9zmKUJhymQtPPXCZpwlKku92mQShnXCZzuiKEP/gmQjZuWCJGUhK0pZEoQrNAVCRiImKEl0snQ7M/UCVp8jKEYyAoQSNVbCxcWjKEEFGnQ S_000002_000
LsH9XCZ6WrK0Jx+lQQgNXCd9otK0NJImQf/EZCNJ2rKkqxvlQwf6WC1icpK0xLzlQJGkVCx1jpKET34lQoa0UCBrcnKU0islQfUQVC141kK0IbzlQf/UTCVNenK0JxwlQBrsSCNz8oKkvfglQ9oQUCtHFjKEDCslQx17SCtyhkKEv0vlQhADSCFX/jK0GvelQO0aSChWkZKkpbylQoFBSChrnbKkuJllQAAARCBBGbKUy2XlQZ7kSChqBeKET3klQCBmTCNIQeKU2OzlQ6mEUCh/UcKUzMBmQdodTCxgwZKE7RBmQSMwTCNdzXK04lMmQMIIVC5PVdKEEYNmQW5QVCd8yfKUFuGmQhrXUCpvfgKEW52lQquNVC9zVrK0Re1lQRveVCpCQpKU6SImQNDBVCtGqnKESRdlQ2SKTCpZQoK013+lQMpYUCpeyiKk0pclQPVkSC1T6jKkQg9lQD6cRCFzhlKkxyclQPH8RCNT3XKEgYxlQATrQC5xecK0/COlQs9kQCd4UZKkl5XlQHB8VCp2BhKkcZMmQ S_000002_000
