SEQUENCE: ggaacuacuagccZwwwwwww
SCORE:     score     fa_atr     fa_rep    fa_intra_rep    lk_nonpolar    fa_elec_rna_phos_phos     mg_lig     mg_sol    hoh_ref    rna_torsion    suiteness_bonus    rna_sugar_close    fa_stack    stack_elec    geom_sol_fast    hbond_sr_bb_sc    hbond_lr_bb_sc    hbond_sc        ref    free_suite    free_2HOprime    intermol    other_pose    loop_close    linear_chainbreak    time    missing        rms    rms_fill description
REMARK BINARY SILENTFILE    FULL_MODEL_PARAMETERS  FULL_SEQUENCE ggaacuacuagccZwwwwwww  CONVENTIONAL_RES_CHAIN A:51-59,B:109-112,A:1,w:1001-1007  CUTPOINT_OPEN 9,13-21  DOCK_DOMAIN 1:1-14 2:15 3:16 4:17 5:18 6:19 7:20 8:21  EXTRA_MINIMIZE 2,8  FIXED_DOMAIN 1,9-14  INPUT_DOMAIN 1-2,8-14  SAMPLE 3-7,15-21  WORKING 1-21  RNA_TERMINAL 1,9-10,13  RNA_BLOCK_STACK_ABOVE 9,13  RNA_BLOCK_STACK_BELOW 1,10
SCORE:    19.747    -28.436      6.624           0.422          1.396                   -0.374    -28.157      1.310      6.000         24.417             -1.200              6.237     -23.723        -2.859           13.801            -0.416             0.000     -19.281     45.540         0.000            0.000      18.400         0.000         0.000                0.047 11655.930          1      3.261       3.261    S_000001_000
RES_NUM A:51-59 B:109-112 A:1 w:1001-1006 S_000001_000
FOLD_TREE  JEDGE 1 10 2 C4 C4  INTRA_RES_STUB  EDGE 10 12 -1  EDGE 12 13 -1  JEDGE 12 9 1 C2 C2  INTRA_RES_STUB  JEDGE 12 14 3 C2 MG  INTRA_RES_STUB  JEDGE 14 15 4 MG O  INTRA_RES_STUB  JEDGE 14 16 5 MG O  INTRA_RES_STUB  JEDGE 14 17 6 MG O  INTRA_RES_STUB  JEDGE 14 18 7 MG O  INTRA_RES_STUB  JEDGE 14 19 8 MG O  INTRA_RES_STUB  JEDGE 14 20 9 MG O  INTRA_RES_STUB  EDGE 1 4 -1  EDGE 9 5 -1  S_000001_000
RT 0.753288 -0.498441 0.429085 -0.276332 0.352169 0.894213 -0.596823 -0.79217 0.127549 -10.1405 -6.63688 5.66118   S_000001_000
RT 0.895266 0.36751 -0.251863 -0.182616 -0.212948 -0.959846 -0.406387 0.905312 -0.123532 7.79245 -13.4155 -5.53342   S_000001_000
RT 0.270103 0.478919 0.835273 0.936884 -0.330773 -0.113306 0.222021 0.813158 -0.538034 -1.05494 -8.22409 6.99525   S_000001_000
RT 0.493835 -0.74948 -0.440915 0.714008 0.63891 -0.286334 0.496307 -0.173415 0.850651 -2.1 -4.10783e-15 -2.13163e-15   S_000001_000
RT 0.790796 0.612079 -2.54245e-15 -0.612079 0.790796 1.00446e-14 8.15867e-15 -6.38707e-15 1 -2.44249e-15 2.1 -5.68434e-15   S_000001_000
RT -0.103085 0.528879 0.842414 -0.856641 -0.477627 0.195034 0.505509 -0.701541 0.502295 5.91608e-15 -1.73469e-14 -2.1   S_000001_000
RT -0.686378 0.696075 0.21063 0.725738 0.674236 0.136785 -0.046802 0.246748 -0.967949 2.1 4.10783e-15 9.23706e-15   S_000001_000
RT 0.927474 0.348248 -0.136069 0.367121 -0.779323 0.507817 0.0708044 -0.520941 -0.850651 2.44249e-15 -2.1 1.27898e-14   S_000001_000
RT 0.297504 -0.337169 0.893201 0.807283 0.588306 -0.0468107 -0.509692 0.734992 0.447214 -9.34774e-15 1.64274e-14 2.1   S_000001_000
ANNOTATED_SEQUENCE: g[RGU:Virtual_Phosphate:BlockStackBelow]gaa[RAD:rna_cutpoint_lower]c[RCY:rna_cutpoint_upper]uacu[URA:BlockStackAbove]a[RAD:Virtual_Phosphate:BlockStackBelow]gcc[RCY:BlockStackAbove]Z[MG]wwwwww S_000001_000
LWOMJChqxaG0xLZkQiBRJCxJxiGknvHkQepbKChArXGET3kkQdTaICpZmQGUPKQkQGEYICVjXHG0LddkQkCPHC9TNAGUf/WkQjsFGChqxGG0a8SkQiBZHCBAA2Fk/UBkQiWUICR2OlFkEDCkQxgQFChWkBGkEDEkQ789FCx1juFU149jQBrkFC13PdFklDLkQ5l2CC989GGkQg9iQuzvCCRKc9FE99LjQ7R5BCFYltFUzMHjQDCcDCpvf8F057djQhrPEC5P1GGU6mgjQwfaEClsdPGk8STjQ/UrDCV46PGEAAAjQWOsDCJGEXG0NJyiQlDVFCpZmWGEpwbjQoasFCFtISG0istjQNzEFChWkIGUktxjQ74QICR5mJG0tXskQtWOJCFCgDGkoCckQz1bCCJ9ObGEKz8jQECDBCJWNUGULbojQ0oCHC9Ph2F0xwikQoarHC5HZAGE672jQswYECZ0t/FEtXKkQjLzFCNrDrFUm1ujQIHQGCR29RFE/NKkQf8TCCB2iGGkkdwiQdoyBCNddhFEFBRjQ6AYBCZMEuFUE75iQXIWGCBCVVGUUg3jQ S_000001_000
Lh4ZJChBslFk0avjQlsoJClbk7FUhPnjQkyiKCNbOYF0IR2jQSfkICdhQaFk3AdjQTZHICp5nFFEtuhjQlpAHClzr/E0XxSjQegBGCFqbQFUFySjQUPbHCpe1/EU7i7iQt4MIC9hKuEkLo2iQBMZFC9khQFUDF/iQ/uCGCNq6+EEPixiQFBZFCV8KrEE7M0iQBQFECpV6+FUk2AiQwMpDCJwKrFU34GiQR8tCCJjYiF07X6hQhnEECFlkgF0z1XiQPoAFCNjsrF09uiiQJAhFCJRV/F0vQeiQuRCFCV7OFGkd8LiQlwWFCNUHOGkcvEiQZ1cGChfYCG0IltiQMQfGCxeo0F0Zo6iQWGoFC5JBlFUO+0iQYyyHCZ/QFFE8hwjQKD3ICRCi7EkJOgjQJQmGCJoWyE0PwXjQqJ7HCtF/MFEOk4iQCybECtvpNFU1fAjQLUEGC9qzCF0DWiiQI4/FCJFpfE004viQafsDCphlCG0P4zhQ9FXCC5JLUFExx9hQ2CZCCllEqFUOwthQdmEHCxhE0FUgNHjQ S_000001_000
LJ9eJChSpwEEsUniQCC+JCJuBHFkaApiQETaKCNnreEEB7riQ5Z5ICRRUtE0g2PiQ8fTIChGl+E0phEiQNLKHCZ+H3EU9t2hQj6HGClBZHF0FM2hQDAfHCZKMzEEbRfhQdJFICZX8eE0QlbhQjchFClBJIF0glhhQlVIGC5W51EEOfUhQd6UFCZKVjE0tBXhQD4SEC5U99FEwSmgQ3t0DCZEgqFkOKrgQVJMECFnVdF0X26gQXHLFCdIFmFUToGhQCowFC1f45FU7mDhQiFSFCx5IDG0BdygQeJwFCNY1MG0fltgQ3evGChVi9FUQ4ShQ6iuGCB4JsFkzlehQmVzFCt3RdFkZFYhQn6+ICBQTFFkna7hQGS+HCJMKJFUKzOiQNUyGCt1+pEUF38hQVxFIC95b+E0uMahQfajEC1YFGFksrihQ4eOGC1w35Ek2YFhQRS2FCl/uWEUP3ShQg5GDCJlMlF0S2hgQqRYFCN5xQGkcahgQc/dGCN9AQGU2L2gQxoUHC1/9pFEX3qhQ S_000001_000
LEobJC1hWdEU4JOhQ1GiKCJjihEEVhdhQceXJCh1eIEky3ChQ48cJC5Z0vE04k8gQOvfKCFBAxEE4NtgQYMILCR35GFEKysgQ0ljKClqdTFk7dbgQfR6KCRguUFUiqAhQ4iAMCxVGjFUlSDhQ3R2JCFgXlFEFQjgQqfpJCx+OhFkQG7gQDQWNCF5AbF0k9OhQ+CSOCRuiPF02y9gQiteJCJEd0FU2sGhQXQtGCBvWKGU9XsfQpj5HCFhOMG0oZ+fQPdqIClFsFG0yvKgQjFFIC12G4Fk21MgQAB3GCNf3xFk9gEgQ0hJGCR4lAGkBLxfQ8c9ECx8d9F0xNffQ6JlGCxmycFUl7JgQOunHCVe3WF0uNVgQySkICdommF0InXgQLTIKCd/ytEUqBfgQMmLLCJmXmE0xuwgQz3FMCVLVFFUlVqgQxyxKCJ44LF0baNhQ2BWKCx3wyFkyShgQEW3ICd/DYF0fO9gQYjhIChr33FkGbHhQqrQIChtbTG0B+5fQaxgEC1cZEG0N7OfQETiECx1avFU3QifQgttHCdThIF0jYbgQ S_000001_000
LX7VNC5bJbFU23OhQlGCOCBK4uFUHJWhQ2w6MCVm7KFE+2ehQytROC9TkPFUAy9gQPspOC5ZBaFE7hqgQN/lPClhgMFUIXdgQWpAPCVLk3E0yrZgQzM6PCxtvUFUnBHgQ9t5QCVT8kFEZ7GgQ3FZPCNI5vEErUFgQYwUQCR6eAF0bh2fQrjAMC1o6iFkXTDhQgzqRCVQ46E018/fQw1KOCNVUsEkGtwfQq0SOC9GchEknuJfQQfaPCxFLbE0MG+eQ9dMNCRx9dE0XexeQBNAMC5a3kEkar+eQni8KC53EhEUMsleQJ81LCdi+vEk0GmfQE/7MChgTzEUb29fQE3FPCdClnF0zDugQpJ2NClP/cFknGigQNsbQChCyKFkWSlgQFtFPCFNYaFU6hAgQex3PCVQUiEEh/GgQSFLQC5IvBFksnXfQOHPSCdCiHF0pa8fQEnDKC5d8lEUEgueQa3DLClpbZEkKjKeQ7k9KCl8+0E03jvfQ+P2MC1466EE2iMgQ S_000001_000
LcnwQCNAM5FUueufQxwVPCJOEAGE66ufQUA1RCtrXEGEuh5fQuIFRCdVsvFEVTAfQrYlQCdxt5FkhwaeQH2JQCtDhpFkmt5dQ7oWPC1B8YF0GxNeQBTRPCJR3xFEAyVdQ3LAQCBcO8FE170cQZxWOClIzRFU7JxdQiCjOCd+wdFkm5GdQ2mXPCl+RRF0UfrcQWzBNCdu+VFE9kEeQd17LCdRPMFkQwxdQOZBMC1knAF0+jSdQXjuKCNkjQFUi0EeQtLgKCJ+WdFkTBoeQ0lWJCNUrfFE4Y1eQaerLChq5mFkQz5eQGk3MCB58iFki5neQwZSRC9jYBGEziOeQVO0PCdsVBGkMVieQaG9QC5j+iFUSNtdQDXnOC5957FkdrhdQFPdOCJNZCF0SQsdQf9rNC16LhF0ag5cQ0L3PC1M1aF0DTYcQSH8JCRH0JFUY+3dQLPnLCtVPwFUR6SfQrFqNCxmrpFkso0eQ S_000001_000
L4whPC9afJGUVhjcQGwCPCdpgPG07aJdQjzqQCNltNGEMSKcQt8SOClx2HG0r0DcQvxaOCxxVBGEA0ebQLpFNChac5F0WjRbQzIjMCFdbsFkl7zbQBF/LCxixEGEnOIbQ6fEMC52MJGULjeaQmWJLCx6SuF0JP1bQULuKCJhh8FUOzPbQa7aKClnXvF0xAsaQBeSHCxB37F0gJfdQsMVHC9DYyFUsv4cQoyXICZ8YvFkP2ecQuhfJCNeh3FkmMwcQM1mJCFn2AGU5SXdQXqbICNG7BGEqqvdQl4YIC12pGGk77VeQJ16KCVr+DG0bnedQotjLCpiwAG06W8cQBZwKCdFc3FUf7ecQVjCPCVA82FUU4kbQPrxOCVypFGE9RHbQ9DONCdCbwFkIP4aQk1BMCJPkKG0HWdbQ4evKCpgGgFEV/xbQzs9JClY2CGkYkXbQPLgKCBV43FUw0RaQBZeGCRd2sFECNucQZfiHCtVKHG0WcleQIMNJCF+mJGk+jieQpRhMCVY2BG04H4cQ S_000001_000
L7LBMChU3VG04zXaQO1uMCtTjaGEyA9aQY7hMCxwzXGUM4rZQg0fKCF8xZG02hZaQC0iJCBHLWGkh46ZQP2MICpHEWG0UKQaQlaUICZMiQG0AN4aQzzwHCVi3gGUqvfaQqrQHClfXmGkQz8ZQqgXHCZ/NUGklwVbQGOsGC1ymdG064/aQ27eFClzGaGkbpsaQZ2GIC9rxWGUZI9bQABcHC9rKYG0wckcQemNGCBrRXGks0mcQFgKICBSaaGUq5HdQ0SfJCpmUbGkaWEdQNxKKCN4bdGU+rndQG/LKChzAaGUaGdcQKpdJCF0vXGkzq6bQ95yJC9k/OGk7MxZQxKjJCdMDbGkJViZQcWkHCNCRSG0Vr9ZQSshICxnjkG0jtsaQNWsGCR90OGUO9cbQqpgGC5TWjGkIbUbQ8jNFCZKTfG0x1WaQbJJLCR+KeG0gjmdQrjsJCFEReGUT+CeQSYKLChcvaG08pbcQZ06JCxWzWG0MMfbQ S_000001_000
L6+cHCBY4yGksf3ZQydyIC5kT2Gk8HFaQRe+GCBSq0G02dLZQ00eGCh4J4GEEmZaQzhGFC5kY4Gk9oQaQPfXEC9ow7G0bS4aQ8SvECNIw0GEqGbbQzh2ECZ5QGHE+TJbQx1TEC5OfOHkqxvaQvJpEC9TN6GUO0CcQKxQECZQgFHEUN2bQ5l2CCdnvFHklD1bQ1N5FC9894GUf/ccQCs6FC9mE7GErcIdQUN+ECJGE+GUKcddQJbHHCV3k5G0eUcdQ2jSICZ5Q2Gk78JdQCsSJCh/U1GknvfdQlDNIC5QL0GklDdcQXPCHCZQg1GEW5IcQjV4HCRKdRHkLPecQVI0ECd8OxGkRpHaQV77EC95c9GUYU5ZQJ3ZDCtWJ7G0tFzaQoN1FCh3WGHUc3IbQiS6DC5gA3G0ETTcQC8nECxXDLHkFFJcQ1EkCCxQ3LHECwjbQPFJHCpcC7Gk8G7dQnr/IC5MyxGkeMNcQxKAHCJ5B0GkLJqbQ S_000001_000
LxgYKCRhrDHEVjfhQf/ULCFsy8GEVjThQTiJKCFDCCH0Jx2hQEtAJCJFuDHkpbShQ/p2HC1jCJHEUNahQR2+GCNy2LHUzMHhQepzHCpZmNHE8n0gQ2OHGCtHFDH0Gv+gQIF+EC5luCHkuJLhQRLCHChVONHUGEigQmuxFCpvfHH0GvogQhrvEC5QLPH0FZpgQSMgHCZPK/G0w1reQZ7kGCpbSFHUgV+eQNehGChqxIHUFumfQb8iHChrHFHEW58fQx1jICpGv+GksdufQ46hICFCs7GkqxDfQ+TdJCVNe1GERLyeQ+TdJC9Rh8GUwKHgQ0i8ICJbnBH0coXgQtIzHCxgAHHU5QTgQ0MIIClegPH0r6hhQvOYHCtqSEHkdFkhQZ+OKCJa8XHEVu0fQL/SJCFmZYHUE66eQJXfGCxhcSHULaKhQG6mGC1AU8GUtP/gQ9IzGCNcHUH0AlbgQ0KkFC5UwBHEnmegQDHJECVteNHkrR1gQAc1FCNRjHHkK8reQE8YJCh3dzGUN7TeQWgNKCF05yG09ZDfQtBXJCN2nBHEt2lgQ S_000001_000
LqGXECFtI3GklDPhQ2OfFCtyhvGUNeRhQiWUDC9na4G0cofhQnErDCZ78zGE+T5gQHvkCCZkt5GkvfygQuecCCZkt2GUKcbgQXPyDC5QL1GEUNUgQGZzBC125rGUktXgQQglAC9owtGUzMNgQqxrDCpvfvGE+TBgQlYwCCpFZmGkSMIgQlYACCtHFiGUKctfQBr0GCxKHhGUiBReQ1NhFCJaRkGk78NeQdo9ECpFZjGEtIndQzMzECJGEoG0HFueQ67fFChpboG01jSfQShzGCBVjlGkrHZfQ/UjHCR0ihGksd2eQtduIC14leGU461eQnELHCtxLnG0coBgQf/EGChU4qGkmZKgQBWBFCdR2rGklD5fQlwvCCttWBHEKn0gQq1yBClAo3GUoC7gQhrACCdFm8GUIvTgQjZrBCR1ToGkQflgQK6TDCdWDzGELWpfQyoTDCl9AhGk+cPgQ8lnCC5UaeGkE2ZfQuXQHC9TZeG0pE3dQX8BECxFjlGE5uidQ+DfFCBKmgGUtFPdQYwAGCVs2sGkJiZgQ S_000001_000
Lwfa+Bd++qG0eUYgQHaR+BhpbwGUwKtgQBrc8BZ6msG00NHgQiBh+BV3keGULyegQdoF+B5QLWG0OfPgQBW59B1hWLGkvfagQiBRACx1jGG0KHcgQ5l+8B557LGkQgxgQFuO6BBW5KGEZ7ygQaReAC9mECGUIwwgQKxQ+BtxLCG0Of7gQ5Q78BxLdxFEDC2gQuzfBClX6HG0is9gQnEDCC14lDGErcQhQlDtBChWk1FUHaXhQzh+CCJGEJG0FZbhQqGXDCBrcSGkpbUhQHaRECJbnXGkZmfhQjs1CCxgAXGkZmBhQCs6BCtyhRGEQ12gQIKl/Bx4FWGU/UFgQJJb8BZhlXG0psHgQ99v8B1bqGGE46RgQf5i9BlVxSGEms3gQyVwACZzS1FkHlugQava+BRI8CG0hCLhQBai8BJZYpFkYGDhQYRlECROqeG0Z2ahQj4oECVlaUGUJqshQSQJDC1fAeGErf8gQh+iBC5gnUGkXtpgQ S_000001_000
LTix4BNIwNGEW5IhQgV+5BRgVXGEueShQPK81BhqxNGUiBDhQvJh5B9S3EGUPKahQ03P4BdTi1FUjXahQepb5B1MzoFkvfshQpbS8B5P1qFkSMqhQam54BpbSyFkmZCiQUNe2BB/pqF0coJiQIFe9BNdTqFECs+hQnvP7B99TpFUwKPiQMdD7BNy2TFU14ViQY6G/BhrH9FkpbCiQCBWACpa88FU3kUiQ4PVACJwKtF0eUgiQY6GBCFDCHGEZ7YiQsHFBChpbPGEDCMiQMI4BCJxgXGU2ORiQ1NRACRLyPGUHa5hQ2jC/BJwKHGk/U1hQmRj7BtJyRGEeUkiQOjj4BZGcuFEumMhQ3kU2BRAm3FknYchQW734BlW2ZF0tBrhQwh54B9y9AG0aWBiQjBj+B5vPdFkwn/hQFHp7BR0LyF0bsbiQl4U5BtorRFkw8ciQil5BCdr8dGk8SIiQKTcCCJgCXGEpAeiQz7QAC1YEWGE2BwhQQg59BFQKHGkDmohQ S_000001_000
LaRWLC989kG0jCVgQi1mLCZgssG0jCVgQ2FUMC9b5iG0jCVgQaRWLC989kG0jCFgQStFLChZPdG0jCVgQ+cYKC9dCnG0jCVgQaRWLC989kG0jClgQ S_000001_000
LrD5LCBhM1G0jCVgQxoWLC52Q6GEGcNgQjyxMCNNE4Gk+XUgQ S_000001_000
L7FYNC5qngG0jCVgQY2IOClYQlG0jCVgQdxvNCdrjZG0jCVgQ S_000001_000
LaRWLC989kGkU4mfQ/UHMClfgiGUWZXfQrfmKChttiGEc9VfQ S_000001_000
LKfzKC5YvUG0jCVgQNq9JCZhGRG0bwVgQ76cLCl/XPGUMhYgQ S_000001_000
L6cUJCBPUpG0jCVgQvbNJCx25wGUK9TgQUOkICdlamGEqlNgQ S_000001_000
LaRWLC989kGk9o2gQDOrKC5LxoGEjc+gQQ8HMClPTlGUHl/gQ S_000001_000
SCORE:    21.613    -27.848      7.355           0.454          1.417                   -0.624    -29.099      1.344      6.000         24.415              0.000              6.001     -21.749        -3.074           15.458            -1.639             0.000     -20.772     45.540         0.000            0.000      18.400         0.000         0.000                0.036 11416.960          1      3.086       3.086    S_000002_000
RES_NUM A:51-59 B:109-112 A:1 w:1001-1006 S_000002_000
FOLD_TREE  JEDGE 1 10 2 C4 C4  INTRA_RES_STUB  EDGE 10 12 -1  EDGE 12 13 -1  JEDGE 12 9 1 C2 C2  INTRA_RES_STUB  JEDGE 12 14 3 C2 MG  INTRA_RES_STUB  JEDGE 14 15 4 MG O  INTRA_RES_STUB  JEDGE 14 16 5 MG O  INTRA_RES_STUB  JEDGE 14 17 6 MG O  INTRA_RES_STUB  JEDGE 14 18 7 MG O  INTRA_RES_STUB  JEDGE 14 19 8 MG O  INTRA_RES_STUB  JEDGE 14 20 9 MG O  INTRA_RES_STUB  EDGE 9 8 -1  EDGE 1 7 -1  S_000002_000
RT 0.753288 -0.498441 0.429085 -0.276332 0.352169 0.894213 -0.596823 -0.79217 0.127549 -10.1405 -6.63688 5.66118   S_000002_000
RT 0.895266 0.36751 -0.251863 -0.182616 -0.212948 -0.959846 -0.406387 0.905312 -0.123532 7.79245 -13.4155 -5.53342   S_000002_000
RT -0.803362 -0.0607623 0.592383 0.580226 0.143929 0.801637 -0.13397 0.987721 -0.0803711 -1.05494 -8.22409 6.99525   S_000002_000
RT 0.612079 -0.790796 1.60982e-15 0.790796 0.612079 3.88578e-16 -1.33227e-15 1.05471e-15 1 -2.1 -6.43929e-15 3.44169e-15   S_000002_000
RT 0.790796 0.612079 1.60982e-15 -0.612079 0.790796 -3.60822e-15 -3.55271e-15 1.94289e-15 1 -3.66374e-15 2.1 4.44089e-16   S_000002_000
RT -0.360468 -0.654409 -0.664689 0.781202 0.177581 -0.598489 0.509692 -0.734992 0.447214 9.99201e-16 6.55032e-15 -2.1   S_000002_000
RT -0.483976 0.873522 -0.0522165 0.854061 0.458509 -0.24566 -0.190647 -0.16349 -0.967949 2.1 1.06581e-14 -6.66134e-15   S_000002_000
RT 0.305111 0.51425 -0.801532 0.500544 -0.802627 -0.324416 -0.810162 -0.302219 -0.502295 8.43769e-15 -2.1 -3.66374e-15   S_000002_000
RT 0.156131 -0.500627 -0.851467 -0.841555 -0.518731 0.150679 -0.517116 0.69303 -0.502295 3.44169e-15 -4.10783e-15 2.1   S_000002_000
ANNOTATED_SEQUENCE: g[RGU:Virtual_Phosphate:BlockStackBelow]gaacua[RAD:rna_cutpoint_lower]c[RCY:rna_cutpoint_upper]u[URA:BlockStackAbove]a[RAD:Virtual_Phosphate:BlockStackBelow]gcc[RCY:BlockStackAbove]Z[MG]wwwwww S_000002_000
LWOMJChqxaG0xLZkQiBRJCxJxiGknvHkQepbKChArXGET3kkQdTaICpZmQGUPKQkQGEYICVjXHG0LddkQkCPHC9TNAGUf/WkQjsFGChqxGG0a8SkQiBZHCBAA2Fk/UBkQiWUICR2OlFkEDCkQxgQFChWkBGkEDEkQ789FCx1juFU149jQBrkFC13PdFklDLkQ5l2CC989GGkQg9iQuzvCCRKc9FE99LjQ7R5BCFYltFUzMHjQDCcDCpvf8F057djQhrPEC5P1GGU6mgjQwfaEClsdPGk8STjQ/UrDCV46PGEAAAjQWOsDCJGEXG0NJyiQlDVFCpZmWGEpwbjQoasFCFtISG0istjQNzEFChWkIGUktxjQ74QICR5mJG0tXskQtWOJCFCgDGkoCckQz1bCCJ9ObGEKz8jQECDBCJWNUGULbojQ0oCHC9Ph2F0xwikQoarHC5HZAGE672jQswYECZ0t/FEtXKkQjLzFCNrDrFUm1ujQVQQGCtz/RFkqRKkQf8TCCB2iGGkkdwiQdoyBCNddhFEFBRjQ6AYBCZMEuFUE75iQXIWGCBCVVGUUg3jQ S_000002_000
LxvUJCRRgkFEpTujQm0jJCts95Fk2GljQwwdKC9uuWFkMb0jQyPZICpI3YFkUQdjQv41HC1VYFF0V1jjQW2uGCZjL/EEZEVjQudwFC5NGQFEDkUjQhZJHCtZi+EkT29iQ2u5HClcgsE0cc5iQQ1IFCh8CQF0bwAjQk0wFCVCv9Eki3ziQxZFFCZKVqEE2P3iQvjDEC5wS9Fk9lAiQGQkDCNS8pFUK5GiQ5wpCCZiQhFkdF6hQ767DCZtnfFEEXYiQgr3ECR3lqF0ifjiQXEbFCtM29FkBzeiQzWAFC5JWEGEC7LiQpBYFCtzCNGkJcEiQXUVGC5KoBGkDguiQD5TGCxsezF0Y/7iQ7rbFC5ZIkFkBQ2iQYBgHCJM6GFkgcyjQRniICtWY6E05rjjQQ3TGC1dFyEEmdajQ1QqHC5ocLFUVf6iQd7KEC5LyNFk25BjQBuyFCJ3DBF08ikiQ2ErFClqceE0xPziQectDC98rBG0XPzhQYtQCCxzUTF09p9hQjoXCC1tvoF0RFthQeV3GCBV/yFUa6IjQ S_000002_000
LYj0IC5MprEEWXkiQF+wJCRL99EEZLliQxQWJCNTjVEEVKiiQOEzHCtZyvEUxQRiQG5QICZVp0EUDX8hQqRMHClAExEUbxrhQhhLGC52nBFUAgthQbEpHCZsMyEkUjUhQP9PIClLBfE0SVNhQg9qFCp7mGFEf6YhQWhWGCNms3EUc2IhQlmiFCJrRlE0n6FhQCyvECZcODGEl4mgQL9TECl2LyFEU0mgQP+lECJjXiF0vW0gQGBcFCxdGpFEJsDhQFE+FCxgZ9FU63FhQu9lFChTWGGU+g2gQdtBGCdscQGEJk2gQzWzGCZDd+FEjnXhQfWwGCZPGrF0CofhQbs8FC53VdF0pXUhQOFCJCpafrE0YD5hQ1/iIChGpDFEp47hQOfxGCxDHjEU5UuhQ1qRICh7C+Ekz4ShQCBtECxsJEFU/oYhQc7hGCxtA/EkER7gQAfHGC9p8YEE4+ChQbxsDCl8duFUNJbgQMpuFCxJbVG0margQ3CpGCFU5SG0AwBhQ3FQHCJB1mF09dshQ S_000002_000
L8VeJCFEEgEEDC9gQZhVKCJZ2xEUSnEhQQdBKCNkBKEkK97gQZU7ICNdNmEUz4lgQT79HCFlKZEkeYbgQi0mHCx1/hEEsrFgQ7ZqGCNVezEUyEIgQGAwICxKrrEUfwxfQJ9iJCZFFcEU+3cfQaX4GCpTxCF0hPvfQJuBICJZr6E0LKTfQu8eHCV+VvEU9zveQuPmGCNKTKGknMdfQ7ZNGChiLCG0bJEfQcGUGCJ6YvFE20KfQZx5GC5wbrFkCtwfQ7sWHC95Z6FUE8GgQA1LHCBUCIGUWhBgQSnkHChgIQGkd/NgQOB6HC9yawFkZtYgQkwxHCh1+bFkMiUgQ5YLHC5hzXFUwNBgQ8HKHCxxYYE0cMkgQRYVICVIvKE09oZgQwHMHCZHoWEkyX6fQZUUJCB6I0EEWeCgQuBEGCxLyDFksEefQX1mICxfcGF0P3JfQwQ/HC9pCzEEc/VeQ4eyFCFEQEGkEDpeQGUbHChLiXGEYWJgQkAAICBzrOGEvybgQpNFICtftQF0ZTegQ S_000002_000
L69ELCZKMhE0dFSfQ6PiLCVlXwE0wjzfQoyvLCpzFME0rrNfQ0EKLCZGDtEUSCleQX4tKCxTziEkvB/dQrkcKC5IuyEUAwbdQ9lYJC9aMBFEWjodQXSmLCNifBFUZAQdQ1rjMCRtm3EUwF1cQBKnJC5OvVF0vLWdQws4KCFBWUF0iP7cQK/hKC9LuPFE7NQcQ1ytJCBFBmFE1l4dQ1/XJCtMN7FER6udQSCAJCFGu/F0oJKdQdddJC1XLFGUVtNeQna3JC5DjCG0u80eQ+07JCxeSKG0mUSfQ2DOKCVvtvF04z/eQNVIKCJB3gF0wFheQ3N5JCV42aE0zJFeQGEaLCdUwYEkad1dQRYKKCdP7qEE4FCdQ4iCMCx1XGFkORqdQmi2IC55NZF09nDdQxnaLCZDghFE6X9cQ44FKCVGRcFE1vDcQ/qOKCpNnIGEadvfQDPsJCRGpRGE4tKfQ1ChKCd2/rFkFxcfQIoXKC5cDSFEo7neQ S_000002_000
LYPHOC1vw9EUtN5cQIIbOCl1nAF0CUndQgV5OClPNuEkBdfcQa6NOC5LiUF0akicQsF7NCVq9WF0ZZ2bQbckNC1jytFUyfrbQNL1MChsc3FUlnOcQptvOCxkA9FEWXkbQfMXOCtC2GGk1oHbQyrjNCNPMEGUishcQz9+OCl9GDGEy5QcQA+qPCJF/MGUheRcQ38eNCZD/CG0N2QdQXcGNC9s3LGkjLodQy+0MCVQcUG0oxXdQD6CNCRPYKGkwrTeQcCVNC5iHBGUP3peQQ6ONClWDBGUmKRfQv7tNCRNhwFEqpPeQx0xNCxO+yFUkMldQIvKNCF0rNFE8/ubQWJtOChoqSFUillbQcPANCVd1tFED3RbQPIiPCdRU1F0C9ZbQVtMNCJPNLGEtlZcQgUePCR4w7FEIPicQ/TZQC5OwMGk0W8bQasxMCR9kQG0E1keQi87NCpDtiFEZvceQkFDOChmnmFUS+TdQ S_000002_000
L22bOCdB4EG0HRVaQ1UcOCxLqPGEyXBaQ8alPCpDI7Fk8YOaQmKHNCt0t9FkyKGaQXMINCtu1vFEsMiZQrGvLClGqrF0lnRZQI3BLCRcldFEA1uZQSG1KC13G/F02wNZQQ0ELCZ4oFGU9SoYQCZpJC1d6iFkABvZQnFcJCpmP1F0bRPZQ0UpKCxEBSGEJwmYQbVaJCdO0TGUSLGZQHoEJCxGksFkM8mYQDiuFC94pyF05UVbQ7OxFCNFOtF0V5raQ+50GChrWpFEOMTaQd59HCtvlrFEijpaQjZFICdrFxFkOPUbQi/4GCZQw0FU42qbQIQ2GCNsL6FkZJUcQV1aJCB22xFEtWgbQrVEKCVl4sFEGU9aQyFQJCtw4oFkg5aaQ5ZiNCdMNiFEDfqZQsbqNCxSX2FUlaLZQ9MzLCRKskF0kl1YQtA9KCheIEG0u7mZQFJIJCpYcWFEwxlZQcaxICtOf/FkXvZZQELbJCFnx1FUaOQYQne5EC115rFUAwdaQY9+FCJMi8F0eNicQldrHC55y7F08akcQK8CLCNPGsF0lz7aQ S_000002_000
LWkpKClW8RG0hzmYQznzLCBxBYG0B73YQd5LKCFh8TGUkv0XQAMaJC1HxTGEARGZQhMlJCZVtYGUH+uZQ4FRICd9NYGUF9FaQEUcICtQLSGkqksaQEx1HCtHxiGEUYYaQX+THCd4woG0hL3ZQJ9dHCFoJVGU2qKbQzuyGCRhBfG0Ng4aQntELCNhqFG0QXoYQKyjFCBWEcGEWflaQrXKICNgpWG0wuzbQhVcHCtpZYGUZ5ZcQ7fNGChguYGkB0ZcQ6FIICJWoZGEX++cQnadJC59OZGk3E+cQ5EGKCxeYaGkj7idQEXNKCRFiXG04CYcQFmhJChXRWGkH/zbQxd3JCtiIgGkNwqZQcoRKCdK3UGUB4+ZQXTnHCR1nUGErizZQSPnIC5SRmGkGnlaQMJzGCdvgPGECoObQ5SpGCVkXkG0P8ObQHaYFCVeygGUGINaQPuELCBQJaGUYwjdQHhlJChSebG0fY9dQdDMLCZiSXGEujYcQnCBKCleFVGU3SZbQ S_000002_000
LRjfHCJDW1GkP00ZQYyzICdBr4GkbmEaQp0DHCFMs3GkIwIZQSueGCVxE6Gkt8WaQzhGFC5kY4Gk9oQaQPfXEC9ow7G0bS4aQ8SvECNIw0GEqGbbQzh2ECZ5QGHE+TJbQx1TEC5OfOHkqxvaQvJpEC9TN6GUO0CcQKxQECZQgFHEUN2bQ5l2CCdnvFHklD1bQ1N5FC9894GUf/ccQCs6FC9mE7GErcIdQUN+ECJGE+GUKcddQJbHHCV3k5G0eUcdQ2jSICZ5Q2Gk78JdQCsSJCh/U1GknvfdQlDNIC5QL0GklDdcQXPCHCZQg1GEW5IcQjV4HCRKdRHkLPecQhp8ECt9xwGkdyKaQHfzECJPm8GEo+3ZQJ3ZDCtWJ7G0tFzaQoN1FCh3WGHUc3IbQiS6DC5gA3G0ETTcQC8nECxXDLHkFFJcQOFkCCd9zLHEfdjbQPFJHCpcC7Gk8G7dQnr/IC5MyxGkeMNcQxKAHCJ5B0GkLJqbQ S_000002_000
LxgYKCRhrDHEVjfhQf/ULCFsy8GEVjThQTiJKCFDCCH0Jx2hQEtAJCJFuDHkpbShQ/p2HC1jCJHEUNahQR2+GCNy2LHUzMHhQepzHCpZmNHE8n0gQ2OHGCtHFDH0Gv+gQIF+EC5luCHkuJLhQRLCHChVONHUGEigQmuxFCpvfHH0GvogQhrvEC5QLPH0FZpgQSMgHCZPK/G0w1reQZ7kGCpbSFHUgV+eQNehGChqxIHUFumfQb8iHChrHFHEW58fQx1jICpGv+GksdufQ46hICFCs7GkqxDfQ+TdJCVNe1GERLyeQ+TdJC9Rh8GUwKHgQ0i8ICJbnBH0coXgQtIzHCxgAHHU5QTgQ0MIIClegPH0r6hhQvOYHCtqSEHkdFkhQZ+OKCJa8XHEVu0fQL/SJCFmZYHUE66eQJXfGCxhcSHULaKhQG6mGC1AU8GUtP/gQ9IzGCNcHUH0AlbgQ0KkFC5UwBHEnmegQDHJECVteNHkrR1gQAc1FCNRjHHkK8reQE8YJCh3dzGUN7TeQWgNKCF05yG09ZDfQtBXJCN2nBHEt2lgQ S_000002_000
LqGXECFtI3GklDPhQ2OfFCtyhvGUNeRhQiWUDC9na4G0cofhQnErDCZ78zGE+T5gQHvkCCZkt5GkvfygQuecCCZkt2GUKcbgQXPyDC5QL1GEUNUgQGZzBC125rGUktXgQQglAC9owtGUzMNgQqxrDCpvfvGE+TBgQlYwCCpFZmGkSMIgQlYACCtHFiGUKctfQBr0GCxKHhGUiBReQ1NhFCJaRkGk78NeQdo9ECpFZjGEtIndQzMzECJGEoG0HFueQ67fFChpboG01jSfQShzGCBVjlGkrHZfQ/UjHCR0ihGksd2eQtduIC14leGU461eQnELHCtxLnG0coBgQf/EGChU4qGkmZKgQBWBFCdR2rGklD5fQlwvCCttWBHEKn0gQq1yBClAo3GUoC7gQhrACCdFm8GUIvTgQjZrBCR1ToGkQflgQK6TDCdWDzGELWpfQyoTDCl9AhGk+cPgQuxXCCZYDbGkD6lfQuXQHC9TZeG0pE3dQX8BECxFjlGE5uidQ+DfFCBKmgGUtFPdQYwAGCVs2sGkJiZgQ S_000002_000
Lwfa+Bd++qG0eUYgQHaR+BhpbwGUwKtgQBrc8BZ6msG00NHgQiBh+BV3keGULyegQdoF+B5QLWG0OfPgQBW59B1hWLGkvfagQiBRACx1jGG0KHcgQ5l+8B557LGkQgxgQFuO6BBW5KGEZ7ygQaReAC9mECGUIwwgQKxQ+BtxLCG0Of7gQ5Q78BxLdxFEDC2gQuzfBClX6HG0is9gQnEDCC14lDGErcQhQlDtBChWk1FUHaXhQzh+CCJGEJG0FZbhQqGXDCBrcSGkpbUhQHaRECJbnXGkZmfhQjs1CCxgAXGkZmBhQCs6BCtyhRGEQ12gQIKl/Bx4FWGU/UFgQJJb8BZhlXG0psHgQ99v8B1bqGGE46RgQf5i9BlVxSGEms3gQyVwACZzS1FkHlugQava+BRI8CG0hCLhQRbi8BxTYpFkXGDhQYRlECROqeG0Z2ahQj4oECVlaUGUJqshQSQJDC1fAeGErf8gQh+iBC5gnUGkXtpgQ S_000002_000
LTix4BNIwNGEW5IhQgV+5BRgVXGEueShQPK81BhqxNGUiBDhQvJh5B9S3EGUPKahQ03P4BdTi1FUjXahQepb5B1MzoFkvfshQpbS8B5P1qFkSMqhQam54BpbSyFkmZCiQUNe2BB/pqF0coJiQIFe9BNdTqFECs+hQnvP7B99TpFUwKPiQMdD7BNy2TFU14ViQY6G/BhrH9FkpbCiQCBWACpa88FU3kUiQ4PVACJwKtF0eUgiQY6GBCFDCHGEZ7YiQsHFBChpbPGEDCMiQMI4BCJxgXGU2ORiQ1NRACRLyPGUHa5hQ2jC/BJwKHGk/U1hQmRj7BtJyRGEeUkiQOjj4BZGcuFEumMhQ3kU2BRAm3FknYchQW734BlW2ZF0tBrhQwh54B9y9AG0aWBiQjBj+B5vPdFkwn/hQFHp7BR0LyF0bsbiQwWU5B1DpRFUkzciQil5BCdr8dGk8SIiQKTcCCJgCXGEpAeiQz7QAC1YEWGE2BwhQQg59BFQKHGkDmohQ S_000002_000
LaRWLC989kG0jCVgQskFMCp61lGENrfgQll9LCRq2gGUtdLgQh9nLCFfxrGUn4NgQI+mKCN/FkG06ZKgQP9uKCpPFpGkanegQTlELC1aKeGkgMcgQ S_000002_000
Lsm5MClezmGE6XrgQsj3MCNkbqGUl24gQ8EzNC59MkGUyWqgQ S_000002_000
LY1oMCdCVcGkk7AgQErjNCJJlaGUuXDgQEEcMCxaQZGUmimfQ S_000002_000
L1a7LClkQzG03AGgQHVWLCVoW5G03AGgQx6zMC9AO2G03AGgQ S_000002_000
LI8yJCVbIjGUba9fQHq5IC9Q2kGke6CgQdZuJCJtRhGECyffQ S_000002_000
LctDKCZ3mtGUjJpgQF+wJC9mjqGEGZ2gQQlZJCN86yGkR4lgQ S_000002_000
L/HxKCRVrWGEQEkgQ6GPLChBIQGE+ehgQwShKCdSVWGUG2ygQ S_000002_000
SCORE:    16.732    -27.988      5.673           0.432          1.594                   -0.266    -28.349      1.390      6.000         21.819              0.000              5.952     -22.962        -3.110           14.392            -0.416             0.000     -21.418     45.540         0.000            0.000      18.400         0.000         0.000                0.049 12021.510          1      1.048       1.048    S_000003_000
RES_NUM A:51-59 B:109-112 A:1 w:1001-1006 S_000003_000
FOLD_TREE  JEDGE 1 10 2 C4 C4  INTRA_RES_STUB  EDGE 10 12 -1  EDGE 12 13 -1  JEDGE 12 9 1 C2 C2  INTRA_RES_STUB  JEDGE 12 14 3 C2 MG  INTRA_RES_STUB  JEDGE 14 15 4 MG O  INTRA_RES_STUB  JEDGE 14 16 5 MG O  INTRA_RES_STUB  JEDGE 14 17 6 MG O  INTRA_RES_STUB  JEDGE 14 18 7 MG O  INTRA_RES_STUB  JEDGE 14 19 8 MG O  INTRA_RES_STUB  JEDGE 14 20 9 MG O  INTRA_RES_STUB  EDGE 9 5 -1  EDGE 1 4 -1  S_000003_000
RT 0.753288 -0.498441 0.429085 -0.276332 0.352169 0.894213 -0.596823 -0.79217 0.127549 -10.1405 -6.63688 5.66118   S_000003_000
RT 0.895266 0.36751 -0.251863 -0.182616 -0.212948 -0.959846 -0.406387 0.905312 -0.123532 7.79245 -13.4155 -5.53342   S_000003_000
RT 0.270103 0.478919 0.835273 0.936884 -0.330773 -0.113306 0.222021 0.813158 -0.538034 -1.05494 -8.22409 6.99525   S_000003_000
RT 0.493835 -0.74948 -0.440915 0.714008 0.63891 -0.286334 0.496307 -0.173415 0.850651 -2.1 -8.99281e-15 -6.38977e-29   S_000003_000
RT 0.790796 0.612079 0 -0.612079 0.790796 -7.10543e-15 -4.34908e-15 5.61895e-15 1 -1.15463e-14 2.1 7.10543e-16   S_000003_000
RT -0.103085 0.528879 0.842414 -0.856641 -0.477627 0.195034 0.505509 -0.701541 0.502295 -5.0243e-15 6.21906e-15 -2.1   S_000003_000
RT -0.677969 0.710536 -0.188405 0.691663 0.529817 -0.490812 -0.24892 -0.463068 -0.850651 2.1 1.4988e-14 1.05707e-28   S_000003_000
RT -0.760032 -0.635482 0.136069 0.497263 -0.703457 -0.507817 0.418427 -0.318295 0.850651 6.21725e-15 -2.1 -7.81597e-15   S_000003_000
RT 0.297504 -0.337169 0.893201 0.807283 0.588306 -0.0468107 -0.509692 0.734992 0.447214 1.59264e-15 -7.13857e-15 2.1   S_000003_000
ANNOTATED_SEQUENCE: g[RGU:Virtual_Phosphate:BlockStackBelow]gaa[RAD:rna_cutpoint_lower]c[RCY:rna_cutpoint_upper]uacu[URA:BlockStackAbove]a[RAD:Virtual_Phosphate:BlockStackBelow]gcc[RCY:BlockStackAbove]Z[MG]wwwwww S_000003_000
LWOMJChqxaG0xLZkQiBRJCxJxiGknvHkQepbKChArXGET3kkQdTaICpZmQGUPKQkQGEYICVjXHG0LddkQkCPHC9TNAGUf/WkQjsFGChqxGG0a8SkQiBZHCBAA2Fk/UBkQiWUICR2OlFkEDCkQxgQFChWkBGkEDEkQ789FCx1juFU149jQBrkFC13PdFklDLkQ5l2CC989GGkQg9iQuzvCCRKc9FE99LjQ7R5BCFYltFUzMHjQDCcDCpvf8F057djQhrPEC5P1GGU6mgjQwfaEClsdPGk8STjQ/UrDCV46PGEAAAjQWOsDCJGEXG0NJyiQlDVFCpZmWGEpwbjQoasFCFtISG0istjQNzEFChWkIGUktxjQ74QICR5mJG0tXskQtWOJCFCgDGkoCckQz1bCCJ9ObGEKz8jQECDBCJWNUGULbojQ0oCHC9Ph2F0xwikQoarHC5HZAGE672jQswYECZ0t/FEtXKkQjLzFCNrDrFUm1ujQIaRGCJoQSFkowKkQf8TCCB2iGGkkdwiQdoyBCNddhFEFBRjQ6AYBCZMEuFUE75iQXIWGCBCVVGUUg3jQ S_000003_000
LOEYJCtJRlFk//ujQ5unJChSC7F0znmjQglgKC9ifXF0Se1jQKCgIChgAaFU++cjQ4/CICltZFFUF2hjQ+17GCRDa/Ek+BTjQGY8FC56EQF04NTjQ2mVHC55o/EE3v7iQmJHICZz/tEUeq2iQyqTFC1IUQFkzl/iQRw8FCdou+EUk7xiQuJTFC9f+qE0Tq0iQCWCECpJy+F0XNBiQMOmDCRYArFkFHHiQMtrCCRRNiFU8Y6hQ15AECF/YgFk9HYiQkO8ECtIirFU1OjiQCmcFCpAN/FUD6eiQxq+EClbLFGEQhMiQhTTFCt0EOGEAbFiQPlXGC9nUCGkRbuiQ3hZGCF8e0F0nc7iQZ2iFC541kF0Bl1iQtxuHCBjHFFUjrwjQElyIC1wS7EEmTgjQn4hGCRJCyE0wCYjQ5W1HCBqzMFkUv4iQbOWECNUgNFkMCBjQ/y9FChCpCF0jviiQM79FCxfgfEUue0iQ4KqDC9zhCG0AL0hQo2UCCRU+TFEEs9hQAXXCCZM6pFkLuthQlP+GCl36zFEJJIjQ S_000003_000
L/2IJCthAvE005iiQ7duJCl2zEFE0QiiQoACKC5fFcEEdOkiQmWNICRwPsEEYYOiQIqaHCdamZE0slLiQrEiGCtGVbEkgH4hQB2pFChbstEECO6hQVrPHCVf+eEkW7ihQJDxHCVD5LEUk8ZhQ/QcFChsO3EEn5lhQ3jKGCV8bpE0uUVhQmcQFC17/ZE01INhQhDmFCB0FAG09j/gQEc/ECFYrtF0lt6gQmk/ECNQRbFklbFhQliuFC1m8cFEoYXhQ66ZGClL3uF0DgehQgsUGCFjqAG0ytRhQPN7GCpz4JGkHiWhQIbDHC5ipqFU6rxhQofwGC1wnWFktq1hQWU9FCVVVNFEVamhQSr2GCxzkXEUqRYiQPXAICRxLNE0v+JiQXL/FCV0VOE0oA3hQ8h+HCNKMpEEKFlhQ93eECRwd3E0+rihQyVjGCdoNyEU64JhQfwvFC9AzME099JhQPZeECt7rtF0MYtgQXO1GCdDEQGUt+MhQzXdHCNjfKGk4njhQqAFHC5H+OFUfXCiQ S_000003_000
LChFJCV2xME02pLhQKCCKCVB5aEEdUXhQrRdJCBoYsDEiWHhQZcvICxs3XE0kX1gQSVyHC9iuOEkjQngQFuWHCNZbeEERSWgQMAvGCBK6wEEjPggQP2dICNo4nE02nIgQic3ICZrNaE0lYvfQKzDHChQuDF07xUgQAC3HCp658E0jEBgQm4aKCVvjYEUgvifQUX5KC157uE0sqPfQcu9GCF3n5EEreffQHcsIC9kaIGkGvhgQGv8HCpiCEGU/OSgQI3jHCFN2zFU01PgQPqBICllpnFkU7fgQgWzICJAVuFku9wgQhTJJC9XECG0UqxgQ644JCRybGGEeGBhQb8FJCBpSdF0Oc+gQqsfIC5e+MFkiZ1gQbI1HCB3FSFUv3igQZDAHC1SRKEUvgvgQ9eLICdgJCE03VggQk4sGC9VeXEU54MgQYePJC9X8qEEeuRgQsJPGCB/6KFUjNQgQRYjICRJbHF0GD7fQXzYHCBHKwE08eKfQUZpHC9H/IGUCEHgQSHGKC1UGOGkiuAhQ4hOKCRG/BGki0MhQZWhICl8c+E0LU7gQ S_000003_000
LtKaKCVikYEUY0ifQU8ILC9bsUE0vtFgQ/keKC5wdIEkg8/eQuO5KCBz7uEEi7PfQu1VKCNmM3EExfpeQLPsKCx6eOF08RjeQk9GKCxMMbFUTZFfQj/KMCJqAUF0NzkeQpX1MCFYXQFEvW9dQFR/KC57trFkU7RfQcJKMCxHZrFU3ZyeQnp3ICRRWaE0hdvfQ7r2LC9OC5FkhYPeQRDbLCJlnnF0rl+fQOOAMCxrc4FklzKgQl1IMC9lEFGEfECgQ5EaMCFpI1FUhMfgQ0IQMCtN+hFUtNogQdmqMC5NcfFk8X8gQApqLCNiiQFUs8cgQDPRLCRwAUFEtyIgQBcXJCZht1EExgqeQ5+rKC5w8uEU+OReQ7rUKCtyRTFUG1HeQAqmMCtYeLF0/M7eQehiKCd0o5FkeeQfQK6/MCR6evFU3XAfQeY4LCVkrwFEK40dQ9LkMCtGjRFE/cDhQNcENC1lerFE4EEhQ6jjLCtTgCFEDujgQ0R3KCd7NIFkaxAgQ S_000003_000
Lt4TOCFsOGFEpv8dQ+rQPCtGPXFkcfvdQuZhOC5zz6Ekz3leQL5POC5910EEthXdQ9dbPCFh6tEU/dCdQ8UOPClQ9rEU6yScQUfEOCR9jeEkpDKcQDX7OCJRpAFUh+6bQmJGQCxGcMFUX0wbQDNWNCVnamE0cxmbQiZKOCRr14Ek33TbQUwCPC5njwE0zS0aQr7AMC9AftEkXF2bQjFDLCVPWxEUQZXbQ11PLCBKMvEUkKxaQLL1JCZ713EU4CnbQ8FfJCZ016EkcVRcQwEWIClbxAFknTacQMPiKCxsi2EkyRvcQLtuLC5HLwEE16gcQpUsPC1O8fEEJ8NdQCWJQCllP4EkS8HdQqQBQCNwSlEEgOGcQLcVOCRIkJFksfMcQ3yONC1RPbEkhFRbQBMlNCFFDEFk6NIbQnHwPClnB7E0o2uaQJbIJCNHr6EkD1RbQyKYKCBkP4E0LDOdQ6lbMClfWtE0cC2cQ S_000003_000
Lzw+PCtNJlFkwlkbQFXFPC9F1uFUCHFcQi9XRCp9AtFEBQgbQMYRPCJWNnFEAH3aQmumOC5CW6F0rEraQvNMNC1YA2FEDvcaQi7lMCB0wlFkf23aQDeOMCFiYEGUkmfaQzIVMCxlfLGUua8ZQQFOLCBWEqFUbz9aQi43KCVqu9FUe2iaQfoaKCFf32FESE6ZQccsHCNkb3FEyDzcQJ7lHCRKk0FkytIcQ6bjIChIKxFUJCsbQYqwJCpEzwFEhB/bQ2jBKCh8ezFELHqcQ376IClp92FUvHFdQ6YBJCNS15FU1UvdQ10YLC1aGyFU7AycQxI6LChcquFUZKMcQmx+KCt0rtFUg0rbQROGPCVsjAGUSkTaQyilOC92DCGkEkDbQEUNNCBOywF0GK/ZQmZZMCtgVIGEmJ6aQP8rKCtx1dFUBG0aQ6lNKCp+ZDGUZQxaQutsKCVtoAGkSckZQulrGCR9C1FkBN9bQNxNICtfM8FUdhAeQOr5JCRhj5FEvI9dQvx3MCxH9sFU9XHcQ S_000003_000
LfDAMCpM4XGUa1CaQqm0MCdZbbG0YxnaQe7MMCxe7cGUbTYZQ1cdKCprLZGUBgPaQdIbJC5aKWGUmpyZQ8OIICJacWG0cwKaQAGTICp0tQGkNKyaQdRyHCh9UhGUJ0baQOCRHCFCNnGUoI6ZQ1DYHC98ZUGELrQbQvsvGCpnVeGkLa9aQjqeFCtfrbGk28raQR/GICdtCWG0b84bQEUbHCRk0XGEyxfcQZfMGCBgDYGkf9gcQOWJICdjLZGkeFEdQEmeJC5c4YG0W0BdQthJKC1/JaGkK9ldQzLMKCRBKXGUkFbcQbNeJClJxVG0Gz3bQ58mJChX9OGkKynZQPPaJCBVMbG0emaZQNCcHCdv8SGUYe5ZQq1lICxkokGE+ynaQGZrGCVnEPGE5BWbQompGCph9jGE7BTbQAcQFCN5zgG0pWVaQXNILC5k/ZGUfxldQMnqJCR8QbGUp4AeQO5KLCtP/WG03lacQMA8JClAkUGUrpcbQ S_000003_000
LQPeHC1gvzGkZn2ZQDYzIC5H+2GUsfFaQ3gBHCNl61G0akKZQuFfGCdiy4GUszYaQzhGFC5kY4Gk9oQaQPfXEC9ow7G0bS4aQ8SvECNIw0GEqGbbQzh2ECZ5QGHE+TJbQx1TEC5OfOHkqxvaQvJpEC9TN6GUO0CcQKxQECZQgFHEUN2bQ5l2CCdnvFHklD1bQ1N5FC9894GUf/ccQCs6FC9mE7GErcIdQUN+ECJGE+GUKcddQJbHHCV3k5G0eUcdQ2jSICZ5Q2Gk78JdQCsSJCh/U1GknvfdQlDNIC5QL0GklDdcQXPCHCZQg1GEW5IcQjV4HCRKdRHkLPecQT02EC5wDxG0grIaQAE5ECVaM9G0e04ZQJ3ZDCtWJ7G0tFzaQoN1FCh3WGHUc3IbQiS6DC5gA3G0ETTcQC8nECxXDLHkFFJcQhGkCCpEnLHESZibQPFJHCpcC7Gk8G7dQnr/IC5MyxGkeMNcQxKAHCJ5B0GkLJqbQ S_000003_000
LxgYKCRhrDHEVjfhQf/ULCFsy8GEVjThQTiJKCFDCCH0Jx2hQEtAJCJFuDHkpbShQ/p2HC1jCJHEUNahQR2+GCNy2LHUzMHhQepzHCpZmNHE8n0gQ2OHGCtHFDH0Gv+gQIF+EC5luCHkuJLhQRLCHChVONHUGEigQmuxFCpvfHH0GvogQhrvEC5QLPH0FZpgQSMgHCZPK/G0w1reQZ7kGCpbSFHUgV+eQNehGChqxIHUFumfQb8iHChrHFHEW58fQx1jICpGv+GksdufQ46hICFCs7GkqxDfQ+TdJCVNe1GERLyeQ+TdJC9Rh8GUwKHgQ0i8ICJbnBH0coXgQtIzHCxgAHHU5QTgQ0MIIClegPH0r6hhQvOYHCtqSEHkdFkhQZ+OKCJa8XHEVu0fQL/SJCFmZYHUE66eQJXfGCxhcSHULaKhQG6mGC1AU8GUtP/gQ9IzGCNcHUH0AlbgQ0KkFC5UwBHEnmegQ/GJEC5seNHkqR1gQAc1FCNRjHHkK8reQE8YJCh3dzGUN7TeQWgNKCF05yG09ZDfQtBXJCN2nBHEt2lgQ S_000003_000
LqGXECFtI3GklDPhQ2OfFCtyhvGUNeRhQiWUDC9na4G0cofhQnErDCZ78zGE+T5gQHvkCCZkt5GkvfygQuecCCZkt2GUKcbgQXPyDC5QL1GEUNUgQGZzBC125rGUktXgQQglAC9owtGUzMNgQqxrDCpvfvGE+TBgQlYwCCpFZmGkSMIgQlYACCtHFiGUKctfQBr0GCxKHhGUiBReQ1NhFCJaRkGk78NeQdo9ECpFZjGEtIndQzMzECJGEoG0HFueQ67fFChpboG01jSfQShzGCBVjlGkrHZfQ/UjHCR0ihGksd2eQtduIC14leGU461eQnELHCtxLnG0coBgQf/EGChU4qGkmZKgQBWBFCdR2rGklD5fQlwvCCttWBHEKn0gQq1yBClAo3GUoC7gQhrACCdFm8GUIvTgQjZrBCR1ToGkQflgQK6TDCdWDzGELWpfQyoTDCl9AhGk+cPgQTQgCCt8FcGUT8gfQuXQHC9TZeG0pE3dQX8BECxFjlGE5uidQ+DfFCBKmgGUtFPdQYwAGCVs2sGkJiZgQ S_000003_000
Lwfa+Bd++qG0eUYgQHaR+BhpbwGUwKtgQBrc8BZ6msG00NHgQiBh+BV3keGULyegQdoF+B5QLWG0OfPgQBW59B1hWLGkvfagQiBRACx1jGG0KHcgQ5l+8B557LGkQgxgQFuO6BBW5KGEZ7ygQaReAC9mECGUIwwgQKxQ+BtxLCG0Of7gQ5Q78BxLdxFEDC2gQuzfBClX6HG0is9gQnEDCC14lDGErcQhQlDtBChWk1FUHaXhQzh+CCJGEJG0FZbhQqGXDCBrcSGkpbUhQHaRECJbnXGkZmfhQjs1CCxgAXGkZmBhQCs6BCtyhRGEQ12gQIKl/Bx4FWGU/UFgQJJb8BZhlXG0psHgQ99v8B1bqGGE46RgQf5i9BlVxSGEms3gQyVwACZzS1FkHlugQava+BRI8CG0hCLhQgXi8BBkYpFUaGDhQYRlECROqeG0Z2ahQj4oECVlaUGUJqshQSQJDC1fAeGErf8gQh+iBC5gnUGkXtpgQ S_000003_000
LTix4BNIwNGEW5IhQgV+5BRgVXGEueShQPK81BhqxNGUiBDhQvJh5B9S3EGUPKahQ03P4BdTi1FUjXahQepb5B1MzoFkvfshQpbS8B5P1qFkSMqhQam54BpbSyFkmZCiQUNe2BB/pqF0coJiQIFe9BNdTqFECs+hQnvP7B99TpFUwKPiQMdD7BNy2TFU14ViQY6G/BhrH9FkpbCiQCBWACpa88FU3kUiQ4PVACJwKtF0eUgiQY6GBCFDCHGEZ7YiQsHFBChpbPGEDCMiQMI4BCJxgXGU2ORiQ1NRACRLyPGUHa5hQ2jC/BJwKHGk/U1hQmRj7BtJyRGEeUkiQOjj4BZGcuFEumMhQ3kU2BRAm3FknYchQW734BlW2ZF0tBrhQwh54B9y9AG0aWBiQjBj+B5vPdFkwn/hQFHp7BR0LyF0bsbiQrcS5Bl+eRF04PciQil5BCdr8dGk8SIiQKTcCCJgCXGEpAeiQz7QAC1YEWGE2BwhQQg59BFQKHGkDmohQ S_000003_000
LaRWLC989kG0jCVgQi1mLCZgssG0jCVgQ2FUMC9b5iG0jCVgQaRWLC989kG0jCFgQStFLChZPdG0jCVgQ+cYKC9dCnG0jCVgQaRWLC989kG0jClgQ S_000003_000
LrD5LCBhM1G0jCVgQxoWLC52Q6GEGcNgQjyxMCNNE4Gk+XUgQ S_000003_000
L7FYNC5qngG0jCVgQY2IOClYQlG0jCVgQdxvNCdrjZG0jCVgQ S_000003_000
LaRWLC989kGkU4mfQ/UHMClfgiGUWZXfQrfmKChttiGEc9VfQ S_000003_000
LKfzKC5YvUG0jCVgQyz/JChLGRG0i2YgQx4TLC5LjPGEAONgQ S_000003_000
L6cUJCBPUpG0jCVgQe+qICRhrkGkboOgQtTAJCdOYwGkX7RgQ S_000003_000
LaRWLC989kGk9o2gQDOrKC5LxoGEjc+gQQ8HMClPTlGUHl/gQ S_000003_000
SCORE:    17.915    -27.609      5.488           0.424          1.505                   -0.214    -28.349      1.388      6.000         22.623              0.000              5.917     -22.601        -2.986           14.073            -0.417             0.000     -21.305     45.540         0.000            0.000      18.400         0.000         0.000                0.038 11163.160          1      1.111       1.111    S_000004_000
RES_NUM A:51-59 B:109-112 A:1 w:1001-1006 S_000004_000
FOLD_TREE  JEDGE 1 10 2 C4 C4  INTRA_RES_STUB  EDGE 10 12 -1  EDGE 12 13 -1  JEDGE 12 9 1 C2 C2  INTRA_RES_STUB  JEDGE 12 14 3 C2 MG  INTRA_RES_STUB  JEDGE 14 15 4 MG O  INTRA_RES_STUB  JEDGE 14 16 5 MG O  INTRA_RES_STUB  JEDGE 14 17 6 MG O  INTRA_RES_STUB  JEDGE 14 18 7 MG O  INTRA_RES_STUB  JEDGE 14 19 8 MG O  INTRA_RES_STUB  JEDGE 14 20 9 MG O  INTRA_RES_STUB  EDGE 1 5 -1  EDGE 9 6 -1  S_000004_000
RT 0.753288 -0.498441 0.429085 -0.276332 0.352169 0.894213 -0.596823 -0.79217 0.127549 -10.1405 -6.63688 5.66118   S_000004_000
RT 0.895266 0.36751 -0.251863 -0.182616 -0.212948 -0.959846 -0.406387 0.905312 -0.123532 7.79245 -13.4155 -5.53342   S_000004_000
RT 0.270103 0.478919 0.835273 0.936884 -0.330773 -0.113306 0.222021 0.813158 -0.538034 -1.05494 -8.22409 6.99525   S_000004_000
RT 0.493835 -0.74948 -0.440915 0.714008 0.63891 -0.286334 0.496307 -0.173415 0.850651 -2.1 2.9976e-15 1.06581e-14   S_000004_000
RT 0.790796 0.612079 7.3664e-15 -0.612079 0.790796 8.33246e-15 -7.25192e-16 -1.10981e-14 1 7.32747e-15 2.1 1.42109e-15   S_000004_000
RT -0.103085 0.528879 0.842414 -0.856641 -0.477627 0.195034 0.505509 -0.701541 0.502295 -1.64008e-14 6.56631e-15 -2.1   S_000004_000
RT -0.677969 0.710536 -0.188405 0.691663 0.529817 -0.490812 -0.24892 -0.463068 -0.850651 2.1 4.77396e-15 -1.77636e-14   S_000004_000
RT -0.760032 -0.635482 0.136069 0.497263 -0.703457 -0.507817 0.418427 -0.318295 0.850651 -3.88578e-15 -2.1 -8.52651e-15   S_000004_000
RT 0.297504 -0.337169 0.893201 0.807283 0.588306 -0.0468107 -0.509692 0.734992 0.447214 1.45618e-14 2.97009e-16 2.1   S_000004_000
ANNOTATED_SEQUENCE: g[RGU:Virtual_Phosphate:BlockStackBelow]gaac[RCY:rna_cutpoint_lower]u[URA:rna_cutpoint_upper]acu[URA:BlockStackAbove]a[RAD:Virtual_Phosphate:BlockStackBelow]gcc[RCY:BlockStackAbove]Z[MG]wwwwww S_000004_000
LWOMJChqxaG0xLZkQiBRJCxJxiGknvHkQepbKChArXGET3kkQdTaICpZmQGUPKQkQGEYICVjXHG0LddkQkCPHC9TNAGUf/WkQjsFGChqxGG0a8SkQiBZHCBAA2Fk/UBkQiWUICR2OlFkEDCkQxgQFChWkBGkEDEkQ789FCx1juFU149jQBrkFC13PdFklDLkQ5l2CC989GGkQg9iQuzvCCRKc9FE99LjQ7R5BCFYltFUzMHjQDCcDCpvf8F057djQhrPEC5P1GGU6mgjQwfaEClsdPGk8STjQ/UrDCV46PGEAAAjQWOsDCJGEXG0NJyiQlDVFCpZmWGEpwbjQoasFCFtISG0istjQNzEFChWkIGUktxjQ74QICR5mJG0tXskQtWOJCFCgDGkoCckQz1bCCJ9ObGEKz8jQECDBCJWNUGULbojQ0oCHC9Ph2F0xwikQoarHC5HZAGE672jQswYECZ0t/FEtXKkQjLzFCNrDrFUm1ujQbEQGC5R9RFU6MKkQf8TCCB2iGGkkdwiQdoyBCNddhFEFBRjQ6AYBCZMEuFUE75iQXIWGCBCVVGUUg3jQ S_000004_000
LzZVJC56pkFk9bujQK7kJCBMM6F0ndljQ0HeKCZ8yWF0Vl0jQ4ZaICxOMZFUBKdjQAE4HCZudFFU/UjjQQqyGCtBH/EkhJUjQ3FzFClpvPFEWhTjQ3DPHC9Z2+EUvD9iQs5AICxfEtEU4r4iQD/MFCV5sPFUyo/iQFW3FCxzz9EUjoyiQGKNFChkJqEU0d1iQRxDECVvt9FkBTAiQw0lDCZwIqF0cTGiQTtrCCdcbhF0Ea5hQ6b+DCpDofF01kXiQip5EC11pqFUX1iiQPtbFCFDI+F0QbeiQy//ECFflEG0hwLiQgaWFCRCZNGUziEiQC2VGC9VwBGkeKuiQ9pVGCFrgzF0AZ7iQZXeFC9CCkF0sc1iQG+gHC5QtGFkU2xjQtolICBur6EU7QjjQiOYGCFY1xEE9QZjQSVvHCdg7LF0xA6iQXRPEC9PDNFUdkAjQ3K6FCxWaBFEjYjiQeC3FCZ6heEErV0iQdDtDCNk9BG0TEzhQlnTCC9oVTFEOx8hQ44YCCRhDpF0BjshQIV5GC548yFUURIjQ S_000004_000
LSp9IC5cusEUz7jiQuSoJCtm4BF0RRiiQKRyJCZQ+YEUrwkiQii8HChtjqEUZbQiQFQ1HClfFXEko3EiQ72wGC9zaYEkR5zhQZB4FCJ9NqEkib4hQ/7PHCR4pcE0TOdhQdItHCpe7JEEPtShQJJdFC5U8zEEsMlhQS8BGC5QymEEeuShQlKFFC1KCXEE7mMhQdIVFCNag8F0tG+gQQLvECx9tpFUHG6gQ7E0EC53bXFEU9EhQjnnFCRVmZFUiDWhQ+/SGCtl2rFkBQchQDdIGCtAJ+FkXaPhQYTuGCJ1bIG0EZThQSBCHCZ6GoFUVuuhQwPyGCd8AUFEENzhQoA8FC90PKF0M8khQl4mHCxthLEE71OiQINsIC5I3TE0YD+hQsnPGCBZHLEkMA0hQge+HCR8KnE06pdhQ7feEC9z0zE0AZkhQFMSGCFu7vEkNpGhQejjFCx1cKE0/KHhQnmKECVHYpF0rWtgQyfkGCFZiOGkQ2JhQazTHCd5NJGE+2fhQL7KHClgoMFEKm/hQ S_000004_000
LBZ7ICRlWLEkLXChQln+JCZU/XEECaNhQnpNJCdqCqDE0s7gQi6dICZPZYEkputgQNSeHC1NIQEUmxfgQJFCHCRzmgE0mnPgQnhbGCxhsyEkLiagQBoIICNbiqEkuGCgQqIgICZEsdEEOugfQ73wGC1K9FFE9HQgQvXiHCtyCAF0Rt3fQ/snGC1629EENRVfQB7oICV4gIG0hSggQQS4HCFLwEGUKVQgQyTbHCZEv1FUhGNgQdn1HCVekoFEOzcgQ9tnIClK8tF0JOugQ7MCJC1TsBGElzvgQAuyJCFhcFGU6s/gQO91IChOMcFUMG7gQP0MICZVwMFkXVxgQhZkHClUHTFE/4egQhosGCdApLEUwPogQSa1HCxyrDE0CNYgQwdXGCBFJaEk7FGgQ4H7ICFh9sEEZGLgQ9w8FCtGwNFkZMMgQFAPIC5pmKF0nVxfQ/i9GCB4HzEEtNBfQvqnHCpmBKGEIfFgQaLDKCl1ANG0j8/gQD0FKCFSpAG03ILhQJFLICNSB+Ek3s2gQ S_000004_000
LT4CKCl1naEkYOVfQPqtKCNEeUEkB09fQ7IFKCRAxLEktJweQpZpKCp5+wEk6IGfQMsKKC5xR7EkJrgeQ1noKC9ENSFUGHeeQ4UEKCpgeeF0YHBfQziIMCZnyVFUwSieQ5W1MCNuYSF0Jc7dQ7IALCF8qtF0FaQfQRlNMCt1tsFUshyeQlEVOC5EBJF0Nm8dQzq7OCNSgJFU1aNdQ7qBMCB7n7FErvQeQumWLCpFJoFU3M9fQ1c9LCJE13FkTULgQa5LMChn3EG0SjDgQIjSMCN7MzFkwyfgQaYCMCBl1fFEVwngQOUYMCJa/bF09C8gQYBbLChviPFUDQbgQQXGLCV6TUFEVBHgQ9+LJCBvA7EUP2geQAbfKCxIgzEUofHeQSDVKCx7WYF0u9CeQOXfMClOJMFUJQ4eQyZnKCd7E8Fk2nPfQJEDNClWWvF03ECfQSbAMCZi5zFkue1dQ8RNMCNl6NFEfXChQQdzMClwPnFkmmEhQOWPLCFYWBFUAQhgQVOrKCtGUJFUGU8fQ S_000004_000
LTaUOCl3DJF0Hs8dQlkGPC9JIYF0/gXeQdGMOCt4VyE0p/JeQvL7OCtphJFUkjNdQAh6PCNnj6EkOvAdQKluPCZ/szEU/0ScQ4inOCRo0kEUDsPcQPFYPCp9UFFUANzbQSjgQCpk+QFUF/kbQtX6NCl3EoEElMpbQFsqOCVoH5E0dsPbQ0g1MCNFXSFUyd7dQkNmPCx52uE0pJ0aQn9hMCla1uEkK8zbQdHnLCB6RvEEA6SbQM44LCNGbqE0mMuaQfIWKChln1EkVWebQoZ6JC1sd7EUMkGcQ8NvICZE0AFUGuLcQxt6KCVjn6E0fIncQ9EKMC9te0Ek14ccQpC3PC1M7tEUcPTdQQKzQCt4FBFEc4DdQd8iQCZpisEkGKJcQbdvOCVAOPF0ZpAcQ/N4NCtXxaE0LoYbQKRDOC9tXCFk6w/aQOJRQCRhT5EkU7qaQRbrJChVD2EkWaHbQ4nsKC1rf+EUnsEdQe70MCpLD0EkvuzcQ S_000004_000
LLtaQCB4bqFkdTebQ7lpPCF/izFE/pCcQ3DyRC9ShyF02/UbQSeiPCBFFtF0yF0aQ4YvOCtOl/FkDktaQkPWNC5wz5F01GfaQR/yMClUepFULB7aQ+dUMCVh3FG0slgaQzoYMCtOvMGEkj8ZQ8PaLC9uusFkUnAbQsWALC9rl/FUvOkaQKflKCFep3FEj07ZQe60HCNXA5FE2i0cQSbvHCNwR1FkvbKcQT3tICFhOyFE+FubQT46JClCUzFU6LBcQwwKKCVdB3FkQEscQXODJC9G/5F0AuGdQUpIJCVut9F0MswdQWIiLCVyB3F0oK0cQCgEMCdMYzFEcoOcQcvJLC5w9wFUMUubQQWKPCFDTEGk7tXaQvzrOC1I0DGEjZIbQeEZNCdYL0FUF3BaQoNdMCx3FKGEnq6aQ1v6KCtr6fFEwu3aQe2TKCZKKEG0l0xaQWgyKCN7JBGEmylZQZL1GCF6t0F050+bQ+aUICN0p/FUHpBeQDyAKCBaf+Fk9k+dQIeCNChkdyFU0CKcQ S_000004_000
LpgCMCFbJZGEcoBaQb/1MCNN/cGUvemaQxvPMClJ+dG0TtWZQ4ifKC9FYaGk0sNaQrKeJChyiWGUI4xZQbZLICxvwWGkvGKaQL2WIC1nERG0ijxaQd30HCJsohG0vEbaQpPTHCFsdnGkyW5ZQwfbHChguUGkkFQbQRhyGCp5meGEdu8aQunhFChM3bGU6UraQa+JICpIbWG0mc4bQj2dHClpEYG0vPfcQLAPGCtzIYGUnUgcQvfLICdofZG03oDdQKygJClPYZG0GfBdQqVLKC5XtaG0+sldQC0OKCBayXGEwyacQhOhJCJfVWGk1a3bQAbsJCtDQPGk81oZQtXbJCJuKbGU9lYZQBUfHCBlNTG0b74ZQRRoICRl/kGEJAnaQ8MvGC5vVPG0JXVbQwHsGChZPkGEVSSbQzdSFCd0DhGkCIVaQMCKLCVeraGExmldQXIsJCxcubGEwmAeQfiNLCRLwXGEhYacQAV/JC9EOVG06ScbQ S_000004_000
LwceHCJaC0GENH2ZQRUzIC5oc3GUkuEaQbqAHCBhN2G0jPKZQmGfGC5E44GEasYaQzhGFC5kY4Gk9oQaQPfXEC9ow7G0bS4aQ8SvECNIw0GEqGbbQzh2ECZ5QGHE+TJbQx1TEC5OfOHkqxvaQvJpEC9TN6GUO0CcQKxQECZQgFHEUN2bQ5l2CCdnvFHklD1bQ1N5FC9894GUf/ccQCs6FC9mE7GErcIdQUN+ECJGE+GUKcddQJbHHCV3k5G0eUcdQ2jSICZ5Q2Gk78JdQCsSJCh/U1GknvfdQlDNIC5QL0GklDdcQXPCHCZQg1GEW5IcQjV4HCRKdRHkLPecQXM3ECFXCxG0j0IaQYr4EC1CK9GkZw4ZQJ3ZDCtWJ7G0tFzaQoN1FCh3WGHUc3IbQiS6DC5gA3G0ETTcQC8nECxXDLHkFFJcQ8EkCCRW2LHk2qjbQPFJHCpcC7Gk8G7dQnr/IC5MyxGkeMNcQxKAHCJ5B0GkLJqbQ S_000004_000
LxgYKCRhrDHEVjfhQf/ULCFsy8GEVjThQTiJKCFDCCH0Jx2hQEtAJCJFuDHkpbShQ/p2HC1jCJHEUNahQR2+GCNy2LHUzMHhQepzHCpZmNHE8n0gQ2OHGCtHFDH0Gv+gQIF+EC5luCHkuJLhQRLCHChVONHUGEigQmuxFCpvfHH0GvogQhrvEC5QLPH0FZpgQSMgHCZPK/G0w1reQZ7kGCpbSFHUgV+eQNehGChqxIHUFumfQb8iHChrHFHEW58fQx1jICpGv+GksdufQ46hICFCs7GkqxDfQ+TdJCVNe1GERLyeQ+TdJC9Rh8GUwKHgQ0i8ICJbnBH0coXgQtIzHCxgAHHU5QTgQ0MIIClegPH0r6hhQvOYHCtqSEHkdFkhQZ+OKCJa8XHEVu0fQL/SJCFmZYHUE66eQJXfGCxhcSHULaKhQG6mGC1AU8GUtP/gQ9IzGCNcHUH0AlbgQ0KkFC5UwBHEnmegQDHJECZteNHkrR1gQAc1FCNRjHHkK8reQE8YJCh3dzGUN7TeQWgNKCF05yG09ZDfQtBXJCN2nBHEt2lgQ S_000004_000
LqGXECFtI3GklDPhQ2OfFCtyhvGUNeRhQiWUDC9na4G0cofhQnErDCZ78zGE+T5gQHvkCCZkt5GkvfygQuecCCZkt2GUKcbgQXPyDC5QL1GEUNUgQGZzBC125rGUktXgQQglAC9owtGUzMNgQqxrDCpvfvGE+TBgQlYwCCpFZmGkSMIgQlYACCtHFiGUKctfQBr0GCxKHhGUiBReQ1NhFCJaRkGk78NeQdo9ECpFZjGEtIndQzMzECJGEoG0HFueQ67fFChpboG01jSfQShzGCBVjlGkrHZfQ/UjHCR0ihGksd2eQtduIC14leGU461eQnELHCtxLnG0coBgQf/EGChU4qGkmZKgQBWBFCdR2rGklD5fQlwvCCttWBHEKn0gQq1yBClAo3GUoC7gQhrACCdFm8GUIvTgQjZrBCR1ToGkQflgQK6TDCdWDzGELWpfQyoTDCl9AhGk+cPgQsvnCCZBjeGkjhZfQuXQHC9TZeG0pE3dQX8BECxFjlGE5uidQ+DfFCBKmgGUtFPdQYwAGCVs2sGkJiZgQ S_000004_000
Lwfa+Bd++qG0eUYgQHaR+BhpbwGUwKtgQBrc8BZ6msG00NHgQiBh+BV3keGULyegQdoF+B5QLWG0OfPgQBW59B1hWLGkvfagQiBRACx1jGG0KHcgQ5l+8B557LGkQgxgQFuO6BBW5KGEZ7ygQaReAC9mECGUIwwgQKxQ+BtxLCG0Of7gQ5Q78BxLdxFEDC2gQuzfBClX6HG0is9gQnEDCC14lDGErcQhQlDtBChWk1FUHaXhQzh+CCJGEJG0FZbhQqGXDCBrcSGkpbUhQHaRECJbnXGkZmfhQjs1CCxgAXGkZmBhQCs6BCtyhRGEQ12gQIKl/Bx4FWGU/UFgQJJb8BZhlXG0psHgQ99v8B1bqGGE46RgQf5i9BlVxSGEms3gQyVwACZzS1FkHlugQava+BRI8CG0hCLhQAWi8BdqYpFkbGDhQYRlECROqeG0Z2ahQj4oECVlaUGUJqshQSQJDC1fAeGErf8gQh+iBC5gnUGkXtpgQ S_000004_000
LTix4BNIwNGEW5IhQgV+5BRgVXGEueShQPK81BhqxNGUiBDhQvJh5B9S3EGUPKahQ03P4BdTi1FUjXahQepb5B1MzoFkvfshQpbS8B5P1qFkSMqhQam54BpbSyFkmZCiQUNe2BB/pqF0coJiQIFe9BNdTqFECs+hQnvP7B99TpFUwKPiQMdD7BNy2TFU14ViQY6G/BhrH9FkpbCiQCBWACpa88FU3kUiQ4PVACJwKtF0eUgiQY6GBCFDCHGEZ7YiQsHFBChpbPGEDCMiQMI4BCJxgXGU2ORiQ1NRACRLyPGUHa5hQ2jC/BJwKHGk/U1hQmRj7BtJyRGEeUkiQOjj4BZGcuFEumMhQ3kU2BRAm3FknYchQW734BlW2ZF0tBrhQwh54B9y9AG0aWBiQjBj+B5vPdFkwn/hQFHp7BR0LyF0bsbiQ5wU5BpDrRFUs6ciQil5BCdr8dGk8SIiQKTcCCJgCXGEpAeiQz7QAC1YEWGE2BwhQQg59BFQKHGkDmohQ S_000004_000
LaRWLC989kG0jCVgQi1mLCZgssG0jCVgQ2FUMC9b5iG0jCVgQaRWLC989kG0jCFgQStFLChZPdG0jCVgQ+cYKC9dCnG0jCVgQaRWLC989kG0jClgQ S_000004_000
LrD5LCBhM1G0jCVgQxoWLC52Q6GEGcNgQjyxMCNNE4Gk+XUgQ S_000004_000
L7FYNC5qngG0jCVgQY2IOClYQlG0jCVgQdxvNCdrjZG0jCVgQ S_000004_000
