SEQUENCE: gugugagagacuagacggcauaguccaagaccauZZwwwwwwwwwwwww
SCORE:     score     fa_atr     fa_rep    fa_intra_rep    lk_nonpolar    fa_elec_rna_phos_phos     mg_lig     mg_sol    hoh_ref    rna_torsion    suiteness_bonus    rna_sugar_close    fa_stack    stack_elec    geom_sol_fast    hbond_sr_bb_sc    hbond_lr_bb_sc    hbond_sc        ref    free_suite    free_2HOprime    intermol    other_pose    loop_close    linear_chainbreak    time    missing        rms    rms_fill description
REMARK BINARY SILENTFILE    FULL_MODEL_PARAMETERS  FULL_SEQUENCE gugugagagacuagacggcauaguccaagaccauZZwwwwwwwwwwwww  CONVENTIONAL_RES_CHAIN B:8-12,B:127-137,B:169-179,C:205-208,D:1-3,B:1-2,w:1001-1013  CUTPOINT_OPEN 5,16,27,31,33-49  DOCK_DOMAIN 1:1-33,35-36 2:34 3:37 4:38 5:39 6:40 7:41 8:42 9:43 10:44 11:45 12:46 13:47 14:48 15:49  EXTRA_MINIMIZE 33  FIXED_DOMAIN 1-28,31-32,35-36  INPUT_DOMAIN 1-28,31-33,35-36  SAMPLE 29-30,34,37-49  WORKING 1-49  RNA_TERMINAL 1,5-6,16-17,27,32  RNA_BLOCK_STACK_ABOVE 5,16,27  RNA_BLOCK_STACK_BELOW 1,6,17,32
SCORE:  1341.003    -76.614   1237.985           0.979          6.056                    6.103    -38.517      2.958      5.000         88.962              0.000              8.188     -62.539        -2.926           32.390            -2.980            -0.225     -31.177    118.940        -4.000            0.000      43.700         0.000         8.720                0.000 16815.650          2      0.520       2.994    S_000001_000
RES_NUM B:8-12 B:127-137 B:169-179 C:205 C:207-208 D:1-3 B:1-2 w:1001-1012 S_000001_000
FOLD_TREE  EDGE 1 3 -1  EDGE 3 5 -1  JEDGE 3 30 4 C4 C2  INTRA_RES_STUB  JEDGE 1 31 5 C4 C2  INTRA_RES_STUB  JEDGE 30 28 7 C2 C4  INTRA_RES_STUB  JEDGE 1 33 20 C4 C2  INTRA_RES_STUB  EDGE 30 29 -1  EDGE 31 32 -1  JEDGE 28 6 6 C4 C4  INTRA_RES_STUB  EDGE 6 16 -1  JEDGE 6 17 1 C4 C4  INTRA_RES_STUB  JEDGE 17 35 3 C4 MG  INTRA_RES_STUB  JEDGE 35 42 14 MG O  INTRA_RES_STUB  JEDGE 35 43 15 MG O  INTRA_RES_STUB  JEDGE 35 44 16 MG O  INTRA_RES_STUB  JEDGE 35 45 17 MG O  INTRA_RES_STUB  JEDGE 35 46 18 MG O  INTRA_RES_STUB  JEDGE 35 47 19 MG O  INTRA_RES_STUB  EDGE 17 22 -1  EDGE 22 27 -1  JEDGE 22 34 2 C4 MG  INTRA_RES_STUB  JEDGE 34 36 8 MG O  INTRA_RES_STUB  JEDGE 34 37 9 MG O  INTRA_RES_STUB  JEDGE 34 38 10 MG O  INTRA_RES_STUB  JEDGE 34 39 11 MG O  INTRA_RES_STUB  JEDGE 34 40 12 MG O  INTRA_RES_STUB  JEDGE 34 41 13 MG O  INTRA_RES_STUB  S_000001_000
RT 0.303181 -0.425812 0.852505 -0.0618028 -0.901515 -0.428313 0.950927 0.0771689 -0.299638 -2.39685 12.746 12.3837   S_000001_000
RT 0.153228 0.988176 0.00542685 -0.216744 0.0389656 -0.97545 -0.964128 0.14829 0.220152 -7.3391 -10.1896 3.34368   S_000001_000
RT -0.908799 -0.411865 -0.0667219 -0.405771 0.83523 0.371134 -0.0971287 0.36436 -0.926179 -11.3782 6.31891 3.38989   S_000001_000
RT -0.640913 -0.717853 0.271879 -0.751054 0.659608 -0.0289026 -0.158586 -0.22272 -0.961897 0.12695 -1.00198 6.75575   S_000001_000
RT 0.828156 0.4533 -0.329661 0.455718 -0.886975 -0.0748035 -0.32631 -0.0882837 -0.941131 2.5143 -10.6731 -9.70851   S_000001_000
RT 0.778711 -0.61736 -0.111695 -0.627378 -0.766962 -0.134781 -0.00245707 0.175031 -0.98456 3.33528 7.67889 -9.82747   S_000001_000
RT -0.831267 -0.555319 -0.0248381 -0.555182 0.831631 -0.0127206 0.0277201 0.00321545 -0.999611 -12.5475 -12.6305 -3.65815   S_000001_000
RT 0.612079 -0.790796 -1.37113e-14 0.790796 0.612079 -7.95197e-15 1.47105e-14 -5.95357e-15 1 -2.1 2.77556e-15 -1.0103e-14   S_000001_000
RT 9.54792e-15 3.52496e-15 1 -0.612079 0.790796 3.05311e-15 -0.790796 -0.612079 9.71445e-15 8.54872e-15 2.1 -2.9976e-15   S_000001_000
RT 0.697657 0.704347 -0.131034 0.565175 -0.42868 0.704847 0.440286 -0.565799 -0.697151 1.44884e-14 -1.44329e-14 -2.1   S_000001_000
RT -0.704347 0.697657 -0.131034 0.42868 0.565175 0.704847 0.565799 0.440286 -0.697151 2.1 -5.9952e-15 1.10467e-14   S_000001_000
RT -6.10623e-15 -4.46865e-15 1 0.612079 -0.790796 2.22045e-16 0.790796 0.612079 7.49401e-15 -7.77156e-15 -2.1 1.56541e-14   S_000001_000
RT -0.790796 -0.612079 3.10862e-15 -6.66134e-16 6.05072e-15 1 -0.612079 0.790796 -5.20417e-15 -7.54952e-15 7.82707e-15 2.1   S_000001_000
RT 0.612079 -0.790796 2.20934e-14 0.790796 0.612079 -2.66454e-15 -1.13798e-14 1.9075e-14 1 -2.1 1.27676e-14 -7.21645e-16   S_000001_000
RT -3.30291e-15 -1.83187e-15 1 -0.612079 0.790796 -4.996e-16 -0.790796 -0.612079 -3.747e-15 1.44329e-15 2.1 2.13163e-14   S_000001_000
RT -0.733643 0.125668 0.667814 -0.496468 -0.770151 -0.400482 0.46399 -0.625359 0.627406 -1.77636e-15 2.88658e-15 -2.1   S_000001_000
RT -0.510022 0.727975 0.458181 0.582305 -0.099839 0.806817 0.633087 0.678296 -0.372983 2.1 -1.58762e-14 -1.38778e-14   S_000001_000
RT -7.21645e-16 -3.21965e-15 1 0.612079 -0.790796 -1.9984e-15 0.790796 0.612079 2.55351e-15 4.21885e-15 -2.1 -3.33067e-14   S_000001_000
RT -0.431649 -0.723851 0.538255 0.688162 0.121533 0.715306 -0.583191 0.679168 0.445667 7.54952e-15 -1.17684e-14 2.1   S_000001_000
RT -0.367525 0.913017 -0.176988 0.776256 0.196346 -0.599062 -0.512203 -0.357558 -0.780897 7.68017 -6.48248 -4.64229   S_000001_000
ANNOTATED_SEQUENCE: g[RGU:Virtual_Phosphate:BlockStackBelow]ugug[RGU:BlockStackAbove]a[RAD:Virtual_Phosphate:BlockStackBelow]gagacuagac[RCY:BlockStackAbove]g[RGU:Virtual_Phosphate:BlockStackBelow]gcauagucca[RAD:BlockStackAbove]a[RAD:Virtual_Phosphate]a[RAD:Virtual_Phosphate]cc[RCY:Virtual_Phosphate:BlockStackBelow]au[URA:Virtual_Phosphate:Virtual_Ribose]Z[MG]Z[MG]w[HOH:VirtualWater]w[HOH:VirtualWater]www[HOH:VirtualWater]w[HOH:VirtualWater]w[HOH:VirtualWater]w[HOH:VirtualWater]www[HOH:VirtualWater]w S_000001_000
LShDnCZ5AzK03PnnQYlnmChrnwKE99lnQlYMnChVO0KkmZ8nQZQwmCxgQ1K0coXnQx1DnC9m03K0bSWnQWOAnCFu+4K057/mQ/U/mCR142K0z3vmQhAXmCBAg6KEEY7mQCsWmCltD9K0xLFnQ/UnmC1Mz3Kk78dmQMIYmCR1o6KEnEjmQNz0mCJvk8KET3amQDCckC13P2KkAr0lQ5l2kCFCc4KE8n0lQDXrkCNIg6KkSMolQIFalC1hm4K0NJAmQamhlCJEY2KEAAMmQoFJlC14F0KkoFNmQtIjkCRK8zKkDtAmQyLJkCtHFyKUbn/lQJbblCNIQyK0d+amQ469lCRKczKU14hmQ67DmCZ781KkQgZmQJJinC9Oq3K0+FanQ101mCFHC5KkQcgnQLbgmCpcwxK0u+slQG62lCFvjzK0JSXlQYNZnClWH6K0eL9mQ9p+lCxzc5KkdiAnQzg6mCxM23KURjRmQHe7lCxf66KUaFdmQ1b0mCZcJ+K0pNkmQOaCkCVYU2K0nprlQtU9kCF9G8KEEtnlQ+NRkCRba6KEjkflQd0RmCZynyK0JFsmQ S_000001_000
LY6ylCNep9KkU4WnQv0llChWE7KECsgnQuzDmCNdz/KULyknQqxLlCNIw+KEQ1InQueMlClDdBLERLCnQPf3kC9S3BL04lsmQsy9kCRgl/KUIwemQqGHkC5kICLkrHtmQOJ6jCxfqELkDt0mQCBakCJbX/KkR2QmQYl7jCtIrBLknvVmQgVCkCd94DLkEDImQoFFkCd+u8K0JxUmQMIgjCNdD8KkZmJmQIwOjCR2e9KEXP8lQ99PjChWk5KkR2OmQfUgjClYw3K0fqdmQXPOjCBqm1KU0igmQFuGkC9Sn4K01jomQnEXkCxJB7KEv0jmQHRqlC9mDCL0DQBnQoW9kCl/iCLU3wMnQyYElCZUbDL00rlmQeI7jCNruALEtQ2mQzSjkClGf/K0E5BmQBDejCp+CBLUxLUmQpE8jC5liFL0v6PmQw91iC9rA5KE+THmQwWUkCxtc3Kk2KzmQ/ExkCp/k7KktUrmQ S_000001_000
LDXfjCZ5wELksdKnQXPujClBhCLEaRYnQxggjCFYlHLkBBSnQx1viChrHELUIwCnQU4aiCx1DGLEoa2mQ2j+hCFZrELkmZmmQSMQiCpFJCLEpwfmQWOUhCtduDLU2OvmQyL5gCNH6FLkZm1mQjXuhChArALUPKWmQc9EhCd9ICLktzbmQJb3gCpvvDLEueKmQHalgCZ5g3KUhrVmQKcZgCh/05KkrHLmQktrfC98t5K0d++lQzMvgC9SH8KksdMmQUNShCZP67Kk8SZmQ0ighC1is5KkmZkmQBWJhChqR3K0a8imQy2RhCtcI1Kk78rmQNeFiCJxQ6K0w1vmQ6mMiChqx8KUNermQhAvhCxf69KU46dmQHSwiCBUKHLUDGvmQXzJiCt/MHL0J4/mQc57hCBE0FLkgrZmQEeZhCtpjCLUnh7mQdNyhCZ8qAL0ImGmQRbugC1T3AL0+qfmQHmpgC1AXFL0xFQmQRbTgCJT71K0HwTmQzWYfCF/T7K0lO3lQVMLfCdHD4KUL39lQf5kiCZEy9KUPQxmQ S_000001_000
L46lgCFX/FLUKcNnQAAEhCVOkELkEDcnQiWYgCFDyILUy2RnQ2O3fCJFOELE/pKnQBr0eClYAFLkVO8mQb8CeCNdjCLkoF1mQmZ+eCJbnALkYQsmQGEYdCNz8ALEQ1GnQb8KcC5kICLE7RPnQbnfeCd++9KEpwvmQ2jKdC9oQ+KUbn7mQ6mEcCdSM+KUwKtmQ03ffChpb8KERL8mQBrUfC9Tt5K01j+mQZQYeChqh4KUIw2mQ7RJgC12Z4K0kYKnQT3sgC99j5KU14TnQjXGhCdSM4KUGEenQuewgC9na8KE/pQnQCsSgCx0t9KUzMFnQ3WOfCJO5FLknzvmQTbOeCZ5QGLUVgDnQU+ZdCliFDLUGBqmQzhAeC1ftAL0opSnQmrVeCFbG9KUf+hmQSNFdCp5y8K0W8FnQGVWbCpAU/KU/zymQUkFgCpMe2KUaNMnQJoIhCx5Z9KEhyWnQ4CWgC1gp/KUgUDnQ S_000001_000
LaR2bC13vBLUjXonQMIIdC5PlBLU0i0nQsH1aCFsyDLktztnQYlLbCtH1+KEBWpnQ6m8ZCx1T+KkpbenQDXnZCdoV7K0jCdnQnvnaC5Q75KkDtQnQSMoZClBx5Kk78xnQtdeYCNHK6KkoF/nQXP6aCtIb3K0kYanQoFxZCZP62KkZmpnQmupYChqB2KUbndnQNz0eC5QbyKE+T9nQSModCxfaxKkBB2nQ14ddCZ5wuKEaR4nQpbqcCBW5yK0xLtnQnv/cChqh1KkVOsnQwfKeClst2KEnEznQGZLfChrH1KUjX8nQNzIgCVj31KkArBoQW5IeCNzc5K0IbvnQY6+cCJb35K01jmnQLyOcCFYl3K0NJknQuY7bCF8y4K0ETOoQCxkcCJTA1KkTDToQDNAaCBgB/KkC3PnQY8NZCNmN/K0VCmnQY+vYClEI7K0S3VnQ36aaCZDR6KE/O6nQWC8aCdWA2KkdkPnQei9ZCRjp1K09M1nQ2j1XC5Mz2K0NvjnQwydfCJkKxKk9xBoQ11ocCFK6tKEpbznQCPLeCNhrtKU7v+nQYArcC1xo7KUIEinQ S_000001_000
LwKHSCJEotKEUNAkQwfiRC5P1rKkArQkQ7RpRClDdtKknvpjQcSsTCFDStKUO0AkQJbfUCtznuKkWkxjQEtwVCFX/sKUbnvjQsHdVCJxQqKkCXpjQMdzWCZk9tK025fjQU4CYCtyRtKEqGpjQgq5VClYwpKUgVUjQfUgWCdRWsKUhrLjQU4qXCpGvrK025/iQVjXTC5kYhKEZ76iQuzfUCJwqhK0eUGjQmZGVCFZ7jKkmZMjQzMbUCNJGmK0LdFjQSMQTCtzHmK0co5iQQgtSCNymjKEXP0iQXklRC5PVjKEQ1oiQCB2SClstoKEEY1iQKxwTC55LqKE8n+iQ03vUCRfvoKUxgIjQK+qUCZScwKEho2jQHUAUCh9tuKk++jjQs2+RC5s/nK0lEtjQKZGSCx14jKk0VujQkgNWCl/8sK03i9jQthsWCJK5vK0QydjQhglWCFkWoKUOaUjQN01VCNvPtKkzpCjQ5IcYCpwlsKkcyGjQMN8UChvAgKEDzKjQD3PRCxsihK0ZbliQXhGRCN06kKkg5jiQR8vTCxYJsKkyZ+iQ S_000001_000
L67PZChWUvKEtInjQ5QrYCNc9xKEBWhjQqGHaClD9uK0bS6jQBWBaC1NJuKE/pSjQ99DbCZPqvKErcIjQU4SbC9S3uKUwKxiQKc1bCRhLsKUktviQoaEaCxf6uKE8niiQ78VaCZ6mwKEQ1QiQ35TbCNc9qKkuJdiQMI4ZCFu+rKkpbciQBrUZCNHqrKEv0HiQFu+ZCBAghK0bSEiQtdeZCtI7jKUbn9hQKxgYC1h2jKECsuhQc94ZC9RRmKEqGFiQJb3aCJxAmKUJGUiQMdbbC5QrjK0isbiQR2+aCBrMhKUbnTiQSMYbCpa8eKECsYiQmuZcCdSMkKEW5qiQRLacCd8ymKkSMsiQZQgbCZlDoKUc9eiQhm5bClcZvKktSQjQOx0aCR9jxKkczIjQDR8bCRoGwKEdyqiQEBTZClhjvKEXyqiQvNybCFAirK0HNQiQzLWZCpDBrK00IniQxN3YCpf7pKUCIHiQX2mZChO4fKU3z9hQ1mHYCtbhlK0gZphQ5vMYCdlIiKUWDphQCLAdCx1ynK0Nx1iQ S_000001_000
LWOMZCFCcyKkDtGiQc9gYC9n6zK0KHYiQiBxZCFu+zKECs0hQBrMYC98NwK0Ib9hQ4P1WC1iMwKUwKDiQUN+VClu5wKkEDwhQQgtWC1NZwKkpbchQ4PtUCFuOvK0w1thQEtoTCZ7MwKEZ76hQiB5VCFX/uKkqxNhQ+TdUCVMYvKEmuVhQ/U7TCpZ2xKk9oOhQCsiVCls9lK0KHmgQ1NBVCtcYoKU14hgQmuJVCNHqqKEW5sgQGZ7VCd8SqKUdT+gQLHiWCRh7nKUFuEhQWOUWCNHqlK0is3gQ+T1WC13PjKU147gQfUQXCx1ToKEEYXhQT3EXCdR2qKEsybhQwfSWCtILsKEBWNhQKyrWCBCgxKUloOiQw+lWCRWauKk+YIiQ3lvVCJnzyKE0vwhQeD6UCh3XtKkLvxhQqj+VCdvvvK0QX/gQ6+4TCxv5tKUN0QhQUnUTChTjyKEonZhQRsdUCR5foKEf/UgQ3kpWCNgvhK00RygQ/WZXCNJ/iKE2iIhQpKeXCRZurKUVUohQ S_000001_000
LMdLTC5OfuKEEYPiQDXXUCpa8tKkX6ciQuz/RCNJ2vKU6mYiQ/puSChArrK0FZFiQPffRCtzXrKkBB6hQDCkRC5kIpKEShphQqx7SCxLtoK04lihQtdGRCR1YmKkuJxhQGZrPC5kImKkBBwhQjXKTCdS8lKUzMfhQDC0RCltjkK03PhhQShLRCV4akK0jCNhQ8nCWC1MDeKU0i2hQqxLVCxgQeK0FZlhQueEVCBBGcKEW5YhQzheUCRKcgKkX6ghQNzsUCdSciKEqGvhQLHiVCRhbiKU6mAiQmuRWCNJGgKU2OFiQWOEXCFuufKUMIUiQ2OfVClC3kK00NLiQ1NpUChqRmKUJGAiQMIIUCRK8kK0JxuhQgBSRCFZDtK0rsyhQ3xxQCJ49qKUtQEiQlvBRCpDppKkmBdhQ0wZRCdHHmKUG5/hQ7vgTCtcrlKE7sQhQsH8RC9ewiKkuHnhQj6PQCJFAlKkViOhQ+2gWCdcWcKkEh4hQ55dUCp+HcKkkhMhQTllVCVneaK0CFchQboZUCVqHoKEAtDiQ S_000001_000
Lmu5OCx1zjK0Gv8hQ35bPC55rjKEQ1SiQZ7cNCBAQkKU5Q5hQIFWPCNyGhKEQ1whQwKvOCxgQgKUzMdhQNeBPC9mUdKkU4YhQNzcQCZm5cK0GvWhQ5lmOClsdbKEW5qhQ03PNCpasaKUgVohQcS0QClXaaK0z3fhQ/UjPCpZGZK01johQueEPCJEIXKUgVahQ3kYUCluJWKEnERiQf/kTCNJGVKERLCiQhArSCV3UWKk781hQ03nSCls9YK0HF6hQc9YTCFYVaKET3IiQcSUUCltzYKkR2UiQAAIVCNJ2ZK0isjiQcSETChqBdKULyIiQlYISC5lOdKUPK6hQPK0RCBq2aK04lwhQK6FPCZqVhKEaaRhQMNxNCpBigKEEIehQvblOC5WzcK0veLhQm2uOCVGYcKUQo4hQm1MRC9DSZKU/mUhQZbxPCBCUYKEGf2hQjfGOC53VXKEeuYhQwVqTCNcKTKU75/hQZxvVCF5rYKEngriQYSGVCFFxbKUPxmiQOtsRCVQ7eKE8c2hQ S_000001_000
LPKUMCpvfaKklD9hQJbnMCVO0cKUf/KiQnE7KCxeEaKEmu1hQwK3MCNy2XKk9oIiQpbqMCVOUVKklD/hQuznNCdnPTKU46HiQ2O/OC55LUKknvHiQShbNCJahSKU5QfiQO0SMCJb3QKUNehiQe+uPC99jSKk++ViQe+uOCpEDRKU46jiQXktOC99TOKkYQeiQjXqQC5OPUK00NjiQc9wRCJaBTKE7RtiQ149RCdRmQKUiBriQgVmSCR0iUKk8S5iQqGXSC12JXK0Of7iQXkNTCx1jYK0LdHjQuzPRCpacYKkQgxiQShbQChA7WK0fqliQlNzMCFPeVK0OlvhQzkvLCdxuUKkwxBiQg3kNCR2oRKEP++hQJEVNC9dKUKkMrniQ3+PQCVxRRKk8fNiQqDAPCBBQRKkh6yiQK3wOCJmONKkOSriQXsETCl6eaK0ZeJjQ7b+TCF1qXKEzOOjQRzFRC1eXaKUIQziQWRqPChswXKU7qeiQ S_000001_000
LjXyLC1i8PK04l4iQUNGMCFYFSKkYQIjQ9oYKCNdDPK0251iQ78tMCFZbNK0259iQaReMCNe5LKEueQjQbnvNCx1jKKUJGYjQzM7OC99zLKEnEPjQ2O/NCJv0KK025vjQYlLNCBVDJK0fq7jQZQAQCVOkLKEpwdjQXkdPCV3EKKk8SxjQgVuPCFsSHKU0iwjQSMgQCpbSOKUGEkjQkCnRCpbiOK0IbxjQAAQSC9nqMKE/p4jQEY9RCVMIRKkVO2jQyLVRC55bTK03PvjQEtwRCVjnVKkX60jQPKMQC56BTKEVjhjQlD1PChqhQKE/pcjQLNzLCZEiKKkMONjQrRIMC9vENKEzvbjQ29uNC56rIK0jhTjQYtzNCF1qMKkOU0jQEnuQCFIhKKEaUXjQdo4PCNi2KK0CA+jQNRsQCZIAHKEKixjQGCvSCJRXRKU3m/jQLTsPChUkUKku9bjQnRDPCJ7RQKURWTjQ S_000001_000
LLymMChqBKKkVOSkQFuWNC5QbMKUzMZkQEtILCRKMKK0HFQkQCB+MCdRmHKU14hkQhrPOCVOUGKkoFhkQsyRPCRKsHK0xLvkQIF2PCx09JKEaRkkQFDyOCZ78IKUy2DlQepjOCNz8GKkZmTlQ99jQCtxbLK0w1zkQoa8PCpEzKKkZmJlQ5Q7QCJGkJKU0iWlQJGsSCdolUKUGEElQTi5SCluJSKkpbMlQGZTSCdR2PKEEYHlQKxYRCBrMQKEpw3kQ99DRCV3kSK0fqtkQW5wRCtz3UKErc0kQYljRCR0SXKEUNskQNzEQCtxLSKErcekQlD1PCxKnPKUbnfkQsHlQCdTSOKU0iukQXhkOClGVGKk6SSkQ4jJOCJadEKUd2lkQe0/PCV2aGKEnYykQnK9NC5a8JKUe9AlQL7eRCN2wKKEZbzkQsOoPCpNdMKEURQlQBmDRCh7oKK0vejlQT6kTCtcCSKEsuXlQPgESClA1YKU/dxkQ5+4QChtiXKEI4gkQwbKPCBitOK0loWkQ S_000001_000
LJGcNCpwVHKEmullQoFZMCRhLJKUktdlQWOENCB/pEKUy2tlQMIQOCpZ2IKEDC4lQuzXPCZljHK0FZBmQ46RQCJGkJK0eUMmQpbiQC9S3LKkAr+lQDXvPCNzsKKU2OhmQaR2QChVuKKEYlvmQsyZQCFZLOKkCXLmQDXPPCNzcNK057ZmQ/UDPCBqWPKkmZqmQe+eNCZljSKkVOSlQ6mUNChUIQKEaRclQSMQMCRhrOKksdWlQgqJOCtxLPKklDrlQ5QLPChU4QKEqGvlQzMbPC5PVTKk++llQXPiOCVOUUKkYQWlQUNmOCxLdWKkmZMlQZ7kQClsdUKkmZulQuz/QC1isSKUPK8lQoaMQC5leQK0Of9lQe23PCJnnGKEiM2lQljDPCl5PGKUW7LmQ91IRCl5sIK0YePmQhHAPCZ6kJKUNQmmQWtMRC9niOKkBDUmQuoaOClYTNK08gRmQi5YOC1GrQKkqtlmQ+L0MCFsETKkKiHlQSrFMCp17MKkvHdlQdqoLCBAXPKEElLlQLizRCZg7SKEl0EmQ S_000001_000
Lb8yQC9RBMK0d+GnQ3kYPCJxQMK025NnQ3kwRCRLiKK0yhUnQEYVRCFX/OKU3kCnQSMoSCZQgPK0FZ5mQEYFTChUYSKUiB9mQVjfSCtILUKk/UtmQIFuSCJEoTK0yhSnQyLtTCpbiVKktzXnQY62RCR0SWKUgV4mQy2ZRCNIAVKEnENnQ03/QCV46WKEaRcnQdoFQCxggeKUdTQmQ/ULRCNeJeKkvfcmQf/kRCtx7bKU0immQCBuQClX6ZKkoFjmQ35jPCtd+ZKUiBXmQbnPPCRhbcKUzMNmQFDKOCFDycKEtIBmQ5Q7OCxJhXKkrHXmQyLtPCdTCWKkoFjmQ5QzQCNyWXKEQ1qmQFulSCdrKPKEF9pmQRKSTCRxSOK0Z2/mQaxDUCZsdSKEEj7mQ2eqSC1lNSKkYXdnQFVeSCBDxXK0ej7mQS+rQCFzsTKE7oKnQPjJQC9atXK0dpXnQMfwRCVitfK09TemQNq+NCt8heKEco6lQWZiNCdxSbK0Uw+lQOThPC5sJUKESQmmQ S_000001_000
LMIAVC9owUK0FZlnQXPqUCZ5gSKEv0znQ9oIWCNzcUK0kYWnQsHNVC12ZXKEVjznQc9IUC9SXYKErcAoQOJuTC98NbK0co7nQ5l2UCVNucKEVjznQDXnSC13fbKEQ1qnQPfXRCVihcKEsyznQ8SfUCpvPeKUHahnQGEQTCx09cKknvXnQpwdSCVN+eK025NnQPfnVCBVTeKEpwRnQiWsVCNJWgKUdTCnQT30UCVjHiKkZmBnQe+uWCV3UgKUdT0mQpbqXCZmZeKE7R1mQO0qYCVNeeKUzMnmQ/pmXCNdTcKULyEnQBrkWCdoVcKkvfSnQzO1UCxziaKEK8gmQ4gbUCdtTYKEv7HoQPDXTChrMXK0uH/nQ3gZTCVDFcK0YXEoQCucSCxIwZK0XOknQtcRUCZXEgKkgAmnQLQjTCxUtbKkZuMnQU6YSClQleK08l+mQbNXZCJtFdKkqinmQDktYCBF6fKUricmQSnSYCpD6aKEzVFnQLggWClL7aKE3SdnQ S_000001_000
L5lGVCZQwrKU6mYnQ1NhUCNJWpKUO0inQAAQUCBBmtK0z3LnQ/UTWCV4qqKkYQKnQTiJXCVNesKUwK/mQy2RYCB/5qKUzM1mQwf6YCd+OpKEtIFnQ46xXCViBpK0z3jmQ++hYC9TdpKkrHRmQyLNZCxgwmKESh7mQY6+XClYQmKkWktmQ+TNYCNIQkKkEDemQZQQXCpv/hKULy8nQ35rWCBr8jKUMIwnQHvcVCpvvkKE+T1nQCsSXCltDlKUKcfnQjXiYC1jCkKEXPcnQPKMZCdRGiKU46nnQsyhYCRh7gK0fq5nQT38YCRKMfK0d+CoQlDdaCxKnhKEYlfnQ8niaCd+OjKk8SPnQ8naZCxJxkKEaRMnQo1fXC1/ytKkGSJnQTNoWCFOZtKkOH0mQNHVYC1nVeK03G5mQbbnWCFdMeKEnOMnQMY8YCxbKsKEBjvmQA70WCheWpKUWahmQRhAaCB9zmKUJhymQtPPXCZpwlKku92mQegnXCV0uiKUE/gmQjZuWCJGUhK0pZEoQrNAVCRiImKEl0snQ7M/UCVp8jKEYyAoQSNVbCxcWjKEEFGnQ S_000001_000
LsH9XCZ6WrK0Jx+lQQgNXCd9otK0NJImQf/EZCNJ2rKkqxvlQwf6WC1icpK0xLzlQJGkVCx1jpKET34lQoa0UCBrcnKU0islQfUQVC141kK0IbzlQf/UTCVNenK0JxwlQBrsSCNz8oKkvfglQ9oQUCtHFjKEDCslQx17SCtyhkKEv0vlQhADSCFX/jK0GvelQO0aSChWkZKkpbylQoFBSChrnbKkuJllQAAARCBBGbKUy2XlQZ7kSChqBeKET3klQCBmTCNIQeKU2OzlQ6mEUCh/UcKUzMBmQdodTCxgwZKE7RBmQSMwTCNdzXK04lMmQMIIVC5PVdKEEYNmQW5QVCd8yfKUFuGmQhrXUCpvfgKEW52lQquNVC9zVrK0Re1lQRveVCpCQpKU6SImQNDBVCtGqnKESRdlQ2SKTCpZQoK013+lQMpYUCpeyiKk0pclQPVkSC1T6jKkQg9lQB6cRCFzhlKEyyclQPH8RCNT3XKEgYxlQATrQC5xecK0/COlQs9kQCd4UZKkl5XlQHB8VCp2BhKkcZMmQ S_000001_000
LqGfSC14FsKk8SjlQwKfRCNH6sK0d+SlQlYQSCRhrsKkVO6lQU46TC9RRtKUO0clQx1DUCNy2vKEShTlQpb6UCVNuvKEEY/kQRLSUC9mUxKET3ukQgVWWCtduwKkYQClQtdWXCVjnuK0xLFlQCBOVCR0CzKUiBlkQ+TlWCRKsyKEmuvkQQ1gXCBAwxK01jgkQ8nqUC1411KEYllkQkC3UC9mk3KEDCUkQVjfVCltz2KUPKEkQmZWUC14F6KUFuUkQIwqTCZP66KU14lkQueMTClXa9K0islkQlDdTCRKM5K0253kQdo9TC9Tt2KEnE3kQl3eUCpYDxKk67dlQT+KTChNjwKkm7PlQYt9UCp52tKUOo6kQY2YWCBw6xKk2rOlQsDSVChdfyK0UBWkQxC2WCJdd0KUA/0kQhm6XCp+RzKEBNZkQiHsSChyF+K0X+xkQusWTCJNk+KkuRZkQP18SCZQz5KEOcElQUz0TC1jg1KU0QDlQ S_000001_000
LrcwXC5OPsK03P1kQTihYC5kYtKU5QjkQHaZYCtzHqKEaRClQ5lWWCV4KrKECsskQzMTWC1icpKkX6akQZQYWClYgmKUiBhkQ4PFVCxJRlKk78dkQx1TXCVO0kKUKcTkQ78lXC9TdiKUIwekQuzHVCZQgjKEaRMkQIwaWCZmJkKUxgAkQnv3WC573hKk/U1jQ35DRCpaMfKEDCmjQoaESCNJGeK03PxjQgVGTCx1TfKkR26jQ2jCTCR2+hK0NJ4jQWOESCR1YjKUf/sjQsyBRCd94hKkTijjQLHCQCRLCjKkpbYjQiWUSCNyGmKUHatjQhAbTCpETmKk9o4jQIw6TCZm5jKkTi/jQ5LDXC5b2pKU4VRkQKadVCNevpKUGOTkQ0XoWCxhXmKU+IwkQd8HYCdw1lKEQYQkQ2HJVCZ3ohKU2GRkQFGUWCpAslK0N72jQvUjWCB79hKkqhmjQOJDSCdJJcKELmyjQc/UPChC7hKUKISjQmmAQC1u+kKUxoWjQx/2TCNlAoK0Ix7jQ S_000001_000
Lnv/YC9RBiKUPKqkQRLiZC1icfKkYQikQb8yZC9ogkKUFuokQepjYCNymhKEueClQLHiZChV+gKkSMSlQtILZCNHaeKEv0dlQPK0XCJaheKEsyllQ46JZC1i8bKUktPlQIFeaCpv/aK0KHMlQDCMXCNIAcK0FZjlQjXSYCJGEaKUf/clQnE7YC1jCZK0LdvlQf/EWCNIQcK0LdTlQf/MVC5kIaK0eUQlQTiRVCxgAYKEsyZlQIFOUCNJmaKEBWBlQgqBUCZP6cKESh1kQzhGTCRLCdKkArokQaR+UChqBfKUep5kQ357VChrneKUMIIlQuhlZCdfciKUPhclQ80ZaCRtwgK0KNLlQC3xZCR6LeKEUBqlQSNuYCRpYcKUSGClQiSzWCZlbbK0RExlQy67XCpwlYKkiUUlQTd4YCxMFXKkvHvlQB0lTClRIZK0hw+kQZ+5UCpjugKEs7xkQrkkWC5sEgKkTvKlQ S_000001_000
LCB2aClYwZKk/U1kQSMwZCpbSaKUy2lkQyLNcC55raKUMIwkQJb3aC1hmWKkED6kQueEbCZQgVK0a8OlQzMTaClu5SK0w1RlQc94YCB/ZTK0OfVlQEYVaCd8CRKU3k+kQyLdbC14VPKU0iAlQQgFYCtIrRKkX6IlQfUAZCd8iPKUep/kQRLCZCJvUNK0coNlQqxLUC5PVSKEaRSkQdolUChWUQKEW5ekQR2mVCZQQQK0JxskQvJRWCNJmSKkoFtkQ789VCdo1UKUc9gkQPf3UCNHqUKUf/SkQR2eUCtxrWKU0iGkQmZ2WCNe5WKU2OlkQmupXC573VK0cozkQVjXXC1jSTKUwK5kQoHxaCdMzWKU8qZlQ0oBcCNWKVKUtBRlQEDqaCND9RKknUelQ/RYaCxuHSKUQexkQJ6aXCVr0QKkfNSlQDysYCVVAPKErYxkQZ/6ZC16fMKUeANlQ6OEUCldqOK0R1dkQObtTCVUeWKEwB9jQbD+UCNhYYK0H7GkQEiZYCJh3WKE395kQ S_000001_000
LY6WcC1MzOKk78rkQU4icC1hWRKUPKgkQCsidCFDSNKEBWzkQpbabCRg1MK0kYekQJbHbCRgVNKkvfIkQ8S/ZCVihLKUwKBkQEtwYChpbMK0xLLkQ+TtZCpwlLK0xLpjQiWcaCBqmJKktzdjQzhuXC1NpMKknv7jQ+TNYCZlDLK0eUojQc94XCltTIK0eUqjQGZzUCRgVTK00NTjQf/sUCpZmQKEXPUjQsHtTCdnfPKkrHJjQgqhVCpEDPKUHafjQLyeWChVeQKktzpjQ2jqWCZ7MTKkqxpjQ46xVCh/0UKEsydjQnEzVCR0SXKkBBcjQSMwXCxf6TK0bS2jQNzMYCpFpRKkTi9jQ5leXCZkdPKECs2jQUv6bCFEANK0U5/jQrj2aCNpNPKUu1GkQ6zLaCZDsJKUhtFkQ4y7ZCVLXNKEaljjQw65WC9i1LKERVBkQ0ezXCNG0LKUBYbjQzq6WCB+FIKUnppjQTSJUCJxSUK0eeKjQpWlTCFFjNKEsOJjQT+FTC1ynQK0/1AjQJg+YCpbfRKEGBHkQ S_000001_000
Lv0VbCVNeKKEmuJjQKxAbCtyRNKEXPEjQkCvcCpvvJKkoFPjQmZ2aCBWpIK0NJ2iQQ1oZCR1IHKkR22iQ/UjYCpGPIKkSMoiQ99rXC5PFKKUbnziQyL9YCZk9JKUzMViQuznZCJGkIK01jEiQJb/WC12pLKEaRkiQ6mkXCtI7KKErcOiQpbyWChp7IK0kYEiQGEIXCpZmOK0MzoiQjsNWCVjXQKknvfiQpbSVC55rPKkYQUiQIwaWClBBTKk9okiQhAbXCx1DUKEEYxiQmZeXCpGfWKUgV0iQXkVYCxKHSKUMI6iQRLKYClBhPK0co1iQsxSZCZLJHK0xhFjQT10ZCtpSFKEDjyiQ5WAYCJrvGKkXAjiQEtiZCh2ZLKkXKaiQi4CWC9/ILK0BtkiQ1EoXCZDhMKUtWFiQF6XXCdxxHKkn17hQXSyVC95SUK0SbeiQUGFZCd7rSK0gRDjQptyYCd2OOKktu7iQ S_000001_000
LzMbaCJxQKKEZ7yhQPfHbCVihMKkZm9hQ78NbCxeUIK0eUmhQ3kQZC9TdLK0KHkhQiWcZCpEzNKEYlXhQQgFYCxf6OKkZmRhQ8SXXCZ6mPK0a8khQPfHYCBAgRKkR2EhQ0iMYCd++QKULyugQ5luWC5kISK01jihQ8nyWC1MzSK0JxKhQnErVCtduRK025/gQKxYXCNIQUKUgVwhQIF2WCBq2WKEEYxhQHv0VC5QbXKEtInhQEYdXCJFuYKktz9hQDCkYCBBGYKUO0IiQ67HZClYAaK0MzUiQKxIZC5leVKEAAIiQHahYC12pTKEpw7hQY58ZC5cVNK09sKhQU18ZCRGHPKEO7fhQfhlXCJkiNKUBzJhQPm4YCd3kSKUXbJhQToyVCJ57RKUh2mhQVn0WCNjvUKU5zIhQ0W3UCxmqSK0tlEhQTu7ZCNbnZK0NEdiQ6buYCR8ybKEVTViQcm8ZChjCVKk/GQiQ1W5YCpM2RKEN86hQ S_000001_000
LXkdZCBVDSKEpwhgQ2jqaCJxwRKUKcvgQU4aZC5OvQK0yhMgQjXKZChALVK0JxegQR2GYCFsCWKUzMRgQdolXCRfvYKUjXYgQ7RRXC5koYK0gAvgQEYlYCdTCbKUFuWgQY6mYClXKcKU46BgQO0qXCBVDbKEqG5gQEtAYCpG/cKEnEngQpw1WCNdTeKE99fgQMdzYCV3kaKkArIhQPKMZCtHlcK00NXhQmZmYC9oweKk/UXhQv0NaCtHFcKUf/khQUN2aC98tZKUFukhQUN2bCBVTZK0yhyhQOJeaCZPqXKUMIWhQXkdZC5QLYKECsIhQMaYXCJeuUKUlrRgQhScYChBLWK0KgCgQPkxWChHKZKEITQgQ/keZCVnYaKE0eagQLi5WCdfvbKkLEBhQwqrYCFtSeKUsqrgQMR6WCpUoeK0ijQgQ9gUcCxjlXK0ekyhQLyGcCZotaK0Hm8hQvv7aCRo7VKk5+VhQ99LZC5kyWK0oh+gQ S_000001_000
LDX/ZCBWJdKk/UvfQ/UzaCpGvaK0NJmfQSMoZCNdDfKEW5MfQ8SvaCZ7seKU6mKgQHaZbCZ7MhKEtIHgQfUgaCNdjjKUzMNgQdotZCFC8iKUMIggQZQQbCNyGmK0a8SgQamZbCRfvnKU6mAgQam5ZC5Q7kKkEDwgQpwVaCpFZnKkTijgQjsNZCJwqoKEaRagQIFGdCVM4mKEXPwhQCBWcCxJhoKEUNkhQwfibClX6nK0w1ThQFDibC9oQlK025PhQ67PcCtHVjK0jCbhQ0iEdCtdOkKEDCshQWO0dC14liKUGE4hQ3kAcC99zgKUIwShQ8nKbCxgQhKEtIDhQlD1aCFt4jKUgVAhQKUKeCtmsjKUTrqgQf23eCh9xmKk9z8gQ+1obCZeWhKkn9vfQvpNcC12QhK0HyPgQjH5ZC1O7jK0oUBgQLYIcCdqolKEu3YgQOhDZCRnTlKEBa3gQ0S1aC1WooKkqysgQbheZCF/cpKkfiMgQNBZcC19aqKEn5nhQ2SXeCVvUjKkarDiQ5D0dCVcqgK08S1hQgazaCNS1fKEtD6gQ S_000001_000
Lc9MiCB/peKEYlrjQmuJiCpasbKEqGrjQBWNiCJGEgKkpbAkQJbnhCh/0fKULycjQmZehC57niKE8ncjQhr/gCdoVjKUFuKjQ46JhCNIwhKUGE4iQueQgCJaxiKEtIPjQsy5fCRLClK0jCZjQ03jgCtI7gK0cotiQcS8fCxJRiKULy4iQiWkfCxKnkKEVjtiQMdzeCx0dYKE8nQiQuzneCJvEbKUgVMiQEtQfC55LdKkvfUiQUNGgCZPacKUIwiiQ03PgCJG0ZK0MzoiQAAwfCxgwXK0jCfiQ357fCJwKVKEBWjiQlYwgCFDyZKUy23iQgq5gChWUcKU3k6iQQghgCJxAeKUgVuiQZM5hCVPnjKUtpajQYtRhCZWIjKUnXqjQAADhC1SPlK0CRHjQRIOgCZSMhKUwWYjQi/kgCFhghKEdqeiQ6CMfCVBBhKERP5iQuimeCRckkKkG8qiQ3R7dC5QfbK01yBiQnFZfChA0TKESFciQQvTgCxxnUKUHvtiQ03PhChT8cKkCeEjQ S_000001_000
LZ96fCdtKpK0LB8kQIxoeCpGlpKEzdHlQaEggC15lnKERUGlQIWQgCFCCsKUCB2kQcWEgChKVtKEbuikQR6CgCR6UwK04alkQYA3fC1U/wKUUu7kQQvrgCp30xKEpyfkQANwgCB3SyKUEiJkQbmSgCZjUzKknYBlQpvngCp3X0KUp+skQSzLgCNOP2KEFDjkQ4KFiCZVy2K0Zz1lQVurhC5WC4KUtwnlQ1jOhCBnA3KEilalQfiMhC5hV0K0IwclQmkkhCZbxyKEPeqlQNUCiCJdG0KUyl3lQKtbiCRx2yKkPlFmQovZhCB8FwKELUolQE67gC1QGwK00lZlQCUygC9UmyKUu4RlQ19PfClhssKUhXekQXFZgCRg4sKkAiXkQQrWfCNtCxKkAzckQadEhCFLzwKEj4kkQGQ+fC1rr0K0cFHlQN1DhC5YK1K0Q/vkQ6JSgCxFC4KUzdokQ0CvhCZB/5KkZFnlQL2viCxA5zKkfTOmQXMaiCpI6wK0FKHmQ5vtgCZ0duKUTiUlQ S_000001_000
LBqehCR5LyK05i+jQQI0hCRAsvK0lkFkQETZhChruyKkqVnjQ8y3hCF/q0KE18IkQ8nqhCVMY3KU2OFkQjsFiCFYV5KEAASkQnv/hCRg14Kk9ookQOJ2iC99D5KEmuPkQ8SHjClXK6KUPK8jQwfmiCxJR5Kk78zkQBWFjCdnf6KEAAkkQPf/iCR0S9KEUNkkQ/U3iChVu2KE+T9kQhrXjC9m02KkX6MlQy2ljClYA5KUO0SlQR2mjC9og0KEEYVlQkCXjChALyKULyOlQFumjCFC8vKkQgXlQUN2iC9RByKEZ7+kQMdniCJGU0K0Gv2kQEkMhCJpk3KknaJkQxdthC97x3KU+81jQ5U8hCxDK7KEUsOkQk/9iCRrK3KkWdQkQl9giCxhj6KUJc/kQ1WjjC5gF6KU2InkQ9rDjCRY/9KEdtVkQ9vbjCpQMuKES/SlQcM9jCpADwK0JailQFxqiCpvSwKUAN6kQY8QiCVlP0KUY2rkQ S_000001_000
LM9PiCJTVfKEMzgoQD0MiCxcjcK0TrcoQ5GRiCVozfKEjhsoQEYphClBBhKEW5boQdTmhCJFehKE/pQoQzM7gCRKsiKkEDOoQhr3gCJxQlKU2OToQPfzgClsdjKEueCoQLyqgClsNhKEsy3nQb8WgCFuumKEDCOoQJGMgCtdOlKUIwDoQx1LfCBAwjKUGEFoQEYlgCFsipKEAAMoQAAIgCRhbrKU46HoQsHFfCJaxqKkEDGoQyLVgChV+tKkEDGoQam9gClXquK0KHIoQ0iIhCZ7MxK0KHGoQMIchCFDysKE7RMoQO0OhCJaRqKkoFOoQEqphC1xwfKUw5MoQbT9hCduriKkFdOoQB0VgC9vztKkvcjoQRrkgC5cghK0EwQoQaqMhCxJakKEYd/nQRe7fCtgwmKkFsSoQEXJgCpffmK0sn7nQIOPfCFbHiKkxwAoQr1lhCxuzxK0bfHoQMQzgCpBdyKUGRDoQFu5hCBGUtKUhxNoQDPjhC939oKUa7QoQ S_000001_000
LmK+gCZOGhKEUCgnQ00ohCJxaiKkEWgnQVX6gCxGSeKk8zYnQLWegCN27iKkwZSnQD1qfCxU9hKEM9MnQIW2eCtEIkK0WYCnQdVseCFnVmKEzBRnQy4efC5selK0rKvmQqYWfChP8jKkQdcmQPQieCFrtoKkYNFnQKEpeCFY/nKEZmtmQpXYdCV3enKkwPkmQE66fC1opyKkX4KnQIF0eC96exKEy7CnQcvgeCdd4uK0k6BnQhLgfCVqYtKkrSKnQgLWgCxZTuK03ATnQOlcgCJbFxKkQLTnQtw/gC5XOyKERDbnQ4PvgCJhNsKU0GanQAKYgCF6FqKEYkVnQcTjfCtFpqK00CMnQL0NfCJVWhK0r+ZnQoJxfChVcgKEtJDnQ0y9dCNzZjKk/0+mQ61NgC5/ylKEbHymQ3VpdCdQdpKUyGInQDgHfCF6apKkYCmmQTugdCZ1fmKU02WmQ2uIeCNssyKkBG9mQXzChCdQL0KkMzanQgkWhC9SHxKEVHhnQJghgCZyQoKURuYnQ S_000001_000
LFATfCpCnkKkHHtlQMzXgCJNukKEp3nlQ8AaeC1FyiKUd8glQEPteC10jnKUROrlQmOXdCJlHoKE6AxlQe3FdCJhFrK0XixlQSJ2dCBwQsKkHEDmQLtedCB2psK0OedlQ+1icCZExuK0x8ZlQ9fqeCZGWuKkTS7lQ7w1eC5J0tKETajlQLYMfCVOKwKEwHYlQZ/8fCVGSuKUtAHmQ6mLgC1TowK04sQmQU8tfClisyKEf+PmQR8xgCdiewKkEYbmQuCMhCpHRuKkaUdmQ9sthCh3cuKUXenmQgc8gCpZ6rKUW5SmQMMXgCBRAsKk+ZImQD8LdCxbXnKU4N/lQ8ywcC53RnKUwmmlQHqIcChsWrKUIR0lQ64idC5jerKEOARlQ8/hfCV6csK0tQhlQ4cCgCljwwKEy8clQXaPeCJPGwKUuR9lQh17gCRnHyKEyWimQi8MhCBzPqK0udTmQ4ONgC1gXqKETZBmQ S_000001_000
LU4KaCtyBrKkDtOlQobtZCh2XrKE7oclQStSZCx8jqK0eBIlQURTaCdWHpKUz1SlQBVoaC5urqKEMxAlQXDDbCpofrKkoYVlQVfCaC9O8sKEUkKlQ S_000001_000
LvJRaC1MjtKET3UkQFVYZCpydtKUeMckQ6J3ZCV5SuKEd0IkQtQIaC901rKk8SPkQY+JbC9motKkHiNkQkJraCRgzsKEJ6gkQwCaaCpkQvKkpbakQ S_000001_000
LdCNZCdHwrKk+9rlQyUmZCBpTsKEUM5lQsPRYCNcmrK0sEvlQ S_000001_000
LL3UYC9FDqKUuqAlQQltXC5UOrKkmn5kQlS6XCB4UoKkl4/kQ S_000001_000
LigcaC5iAnKESZXlQIyqaCVzrmKk6DmlQ83GbC9+CmKUpcPlQ S_000001_000
LMuIbC9dTqK0IcxkQrL4bCNgOpKU0BtkQOAvaCp14qK0QWkkQ S_000001_000
Ld5AcCdfAsKEZvclQZLocChQ1qKkgyjlQEebcCZtutKkhhdlQ S_000001_000
LHQ5ZChCDvKU1AGlQ+nKaCJH6vKUjC5kQuCeZCdgbwKEwIOlQ S_000001_000
Lx0ZYC51XtKkkQkkQ+nNYCl+tsKE1UykQRcjXClX7tK0EyekQ S_000001_000
L3oWZCVjOvKUUw5jQuhNZCFPFxKUYt2jQbG/YCRxTuK0KrtjQ S_000001_000
LAJ9ZC5BtpKEPVIkQgkTaCtDVpK0gZ6jQyfMaCpQLoKkcuQkQ S_000001_000
LseIcCtjutKkBeFkQe+tcCxqNsKkBeFkQe+tcCpcPvKkBeFkQ S_000001_000
LmqLbCR23rKkR+vkQvxUbClKBqK0NBzkQCNjbCZoysKUbD8kQ S_000001_000
LdKlaCxXZxKEXZhkQJUUbCtX7xKU7MqkQnF2ZC9vcyKUFamkQ S_000001_000
SCORE:  1346.926    -82.190   1242.699           2.527          7.689                    8.221    -40.034      3.626      5.000         93.362              0.000              9.698     -64.400        -3.296           36.093            -3.479            -0.928     -33.142    123.080        -2.000            0.000      43.700         0.000         0.000                0.701 17499.061          1      1.526       1.526    S_000002_000
RES_NUM B:8-12 B:127-137 B:169-179 C:205-208 D:1-3 B:1-2 w:1001-1012 S_000002_000
FOLD_TREE  EDGE 1 3 -1  EDGE 3 5 -1  JEDGE 3 31 4 C4 C2  INTRA_RES_STUB  JEDGE 1 32 5 C4 C2  INTRA_RES_STUB  JEDGE 31 28 7 C2 C4  INTRA_RES_STUB  EDGE 32 33 -1  JEDGE 28 6 6 C4 C4  INTRA_RES_STUB  EDGE 6 16 -1  JEDGE 6 17 1 C4 C4  INTRA_RES_STUB  JEDGE 17 36 3 C4 MG  INTRA_RES_STUB  EDGE 17 22 -1  EDGE 22 27 -1  JEDGE 22 35 2 C4 MG  INTRA_RES_STUB  JEDGE 35 37 8 MG O  INTRA_RES_STUB  JEDGE 35 38 9 MG O  INTRA_RES_STUB  JEDGE 35 39 10 MG O  INTRA_RES_STUB  JEDGE 35 40 11 MG O  INTRA_RES_STUB  JEDGE 35 41 12 MG O  INTRA_RES_STUB  JEDGE 35 42 13 MG O  INTRA_RES_STUB  JEDGE 36 43 14 MG O  INTRA_RES_STUB  JEDGE 36 44 15 MG O  INTRA_RES_STUB  JEDGE 36 45 16 MG O  INTRA_RES_STUB  JEDGE 36 46 17 MG O  INTRA_RES_STUB  JEDGE 36 47 18 MG O  INTRA_RES_STUB  JEDGE 36 48 19 MG O  INTRA_RES_STUB  EDGE 28 30 -1  JEDGE 30 34 20  C4   C2   END  S_000002_000
RT 0.303181 -0.425812 0.852505 -0.0618028 -0.901515 -0.428313 0.950927 0.0771689 -0.299638 -2.39685 12.746 12.3837   S_000002_000
RT -0.983009 -0.183478 -0.00542685 -0.0455982 0.215446 0.97545 -0.177805 0.959124 -0.220152 -7.3391 -10.1896 3.34368   S_000002_000
RT -0.908799 -0.411865 -0.0667219 -0.405771 0.83523 0.371134 -0.0971287 0.36436 -0.926179 -11.3782 6.31891 3.38989   S_000002_000
RT -0.640913 -0.717853 0.271879 -0.751054 0.659608 -0.0289026 -0.158586 -0.22272 -0.961897 0.12695 -1.00198 6.75575   S_000002_000
RT 0.828156 0.4533 -0.329661 0.455718 -0.886975 -0.0748035 -0.32631 -0.0882837 -0.941131 2.5143 -10.6731 -9.70851   S_000002_000
RT 0.778711 -0.61736 -0.111695 -0.627378 -0.766962 -0.134781 -0.00245707 0.175031 -0.98456 3.33528 7.67889 -9.82747   S_000002_000
RT -0.831267 -0.555319 -0.0248381 -0.555182 0.831631 -0.0127206 0.0277201 0.00321545 -0.999611 -12.5475 -12.6305 -3.65815   S_000002_000
RT 0.612079 -0.790796 -8.39606e-15 0.790796 0.612079 -1.19349e-15 6.10623e-15 -5.84949e-15 1 -2.1 2.33147e-15 -1.94289e-16   S_000002_000
RT 2.05391e-15 2.96985e-15 1 -0.612079 0.790796 -1.05471e-15 -0.790796 -0.612079 3.44169e-15 6.66134e-15 2.1 2.72005e-15   S_000002_000
RT 0.790796 0.612079 -2.498e-15 4.996e-15 -2.33147e-15 1 0.612079 -0.790796 -4.82947e-15 3.52496e-15 -1.39333e-14 -2.1   S_000002_000
RT -0.612079 0.790796 -8.39606e-15 -0.790796 -0.612079 -1.19349e-15 -6.10623e-15 5.84949e-15 1 2.1 -2.33147e-15 1.94289e-16   S_000002_000
RT -0.539623 -0.798936 -0.265535 0.712192 -0.601383 0.362107 -0.448988 0.00628904 0.893516 -6.66134e-15 -2.1 -2.72005e-15   S_000002_000
RT 0.682734 0.699049 -0.212612 -0.523098 0.264472 -0.810199 -0.510139 0.664368 0.546236 -3.52496e-15 1.39333e-14 2.1   S_000002_000
RT 0.612079 -0.790796 1.11022e-16 0.790796 0.612079 3.27516e-15 -2.60902e-15 -1.89432e-15 1 -2.1 -1.22125e-15 -7.77156e-16   S_000002_000
RT 4.38538e-15 1.11022e-15 1 -0.612079 0.790796 1.77636e-15 -0.790796 -0.612079 4.16334e-15 2.77556e-15 2.1 -5.66214e-15   S_000002_000
RT -0.644824 -0.733955 0.213336 -0.406137 0.0925677 -0.909111 0.647499 -0.672861 -0.357776 9.49241e-15 -7.21645e-15 -2.1   S_000002_000
RT -0.526496 0.66963 0.52383 -0.84428 -0.484256 -0.229536 0.0999637 -0.563109 0.820315 2.1 1.22125e-15 7.77156e-16   S_000002_000
RT -4.38538e-15 -1.11022e-15 1 0.612079 -0.790796 1.77636e-15 0.790796 0.612079 4.16334e-15 -2.77556e-15 -2.1 5.66214e-15   S_000002_000
RT -0.732205 -0.681084 -0.000931731 -0.452484 0.485423 0.748079 -0.509052 0.548169 -0.663609 -9.49241e-15 7.21645e-15 2.1   S_000002_000
RT 0.898465 -0.437725 -0.0340168 0.35095 0.762583 -0.543417 0.263808 0.476303 0.838774 -1.04122 -3.09077 3.18434   S_000002_000
ANNOTATED_SEQUENCE: g[RGU:LowerRNA:Virtual_Phosphate:BlockStackBelow]ugug[RGU:BlockStackAbove]a[RAD:Virtual_Phosphate:BlockStackBelow]gagacuagac[RCY:BlockStackAbove]g[RGU:Virtual_Phosphate:BlockStackBelow]gcauagucca[RAD:UpperRNA:BlockStackAbove]a[RAD:Virtual_Phosphate]ga[RAD:rna_cutpoint_lower]c[RCY:rna_cutpoint_upper]c[RCY:LowerRNA:Virtual_Phosphate:BlockStackBelow]a[RAD:UpperRNA]u[URA:Virtual_Phosphate:Virtual_Ribose]Z[MG]Z[MG]w[HOH:VirtualWater]w[HOH:VirtualWater]w[HOH:VirtualWater]w[HOH:VirtualWater]www[HOH:VirtualWater]w[HOH:VirtualWater]www[HOH:VirtualWater]w S_000002_000
CHAIN_ENDINGS  5 16 27 30 31 33 35 S_000002_000
LShDnCZ5AzK03PnnQYlnmChrnwKE99lnQlYMnChVO0KkmZ8nQZQwmCxgQ1K0coXnQx1DnC9m03K0bSWnQWOAnCFu+4K057/mQ/U/mCR142K0z3vmQhAXmCBAg6KEEY7mQCsWmCltD9K0xLFnQ/UnmC1Mz3Kk78dmQMIYmCR1o6KEnEjmQNz0mCJvk8KET3amQDCckC13P2KkAr0lQ5l2kCFCc4KE8n0lQDXrkCNIg6KkSMolQIFalC1hm4K0NJAmQamhlCJEY2KEAAMmQoFJlC14F0KkoFNmQtIjkCRK8zKkDtAmQyLJkCtHFyKUbn/lQJbblCNIQyK0d+amQ469lCRKczKU14hmQ67DmCZ781KkQgZmQJJinC9Oq3K0+FanQ101mCFHC5KkQcgnQLbgmCpcwxK0u+slQG62lCFvjzK0JSXlQYNZnClWH6K0eL9mQ9p+lCxzc5KkdiAnQzg6mCxM23KURjRmQHe7lCxf66KUaFdmQZG1mCx/H+KE+ckmQOaCkCVYU2K0nprlQtU9kCF9G8KEEtnlQ+NRkCRba6KEjkflQd0RmCZynyK0JFsmQ S_000002_000
LY6ylCNep9KkU4WnQv0llChWE7KECsgnQuzDmCNdz/KULyknQqxLlCNIw+KEQ1InQueMlClDdBLERLCnQPf3kC9S3BL04lsmQsy9kCRgl/KUIwemQqGHkC5kICLkrHtmQOJ6jCxfqELkDt0mQCBakCJbX/KkR2QmQYl7jCtIrBLknvVmQgVCkCd94DLkEDImQoFFkCd+u8K0JxUmQMIgjCNdD8KkZmJmQIwOjCR2e9KEXP8lQ99PjChWk5KkR2OmQfUgjClYw3K0fqdmQXPOjCBqm1KU0igmQFuGkC9Sn4K01jomQnEXkCxJB7KEv0jmQHRqlC9mDCL0DQBnQoW9kCl/iCLU3wMnQyYElCZUbDL00rlmQeI7jCNruALEtQ2mQzSjkClGf/K0E5BmQBDejCp+CBLUxLUmQkQvjCdHvDLE6p7lQw91iC9rA5KE+THmQwWUkCxtc3Kk2KzmQ/ExkCp/k7KktUrmQ S_000002_000
LDXfjCZ5wELksdKnQXPujClBhCLEaRYnQxggjCFYlHLkBBSnQx1viChrHELUIwCnQU4aiCx1DGLEoa2mQ2j+hCFZrELkmZmmQSMQiCpFJCLEpwfmQWOUhCtduDLU2OvmQyL5gCNH6FLkZm1mQjXuhChArALUPKWmQc9EhCd9ICLktzbmQJb3gCpvvDLEueKmQHalgCZ5g3KUhrVmQKcZgCh/05KkrHLmQktrfC98t5K0d++lQzMvgC9SH8KksdMmQUNShCZP67Kk8SZmQ0ighC1is5KkmZkmQBWJhChqR3K0a8imQy2RhCtcI1Kk78rmQNeFiCJxQ6K0w1vmQ6mMiChqx8KUNermQhAvhCxf69KU46dmQHSwiCBUKHLUDGvmQXzJiCt/MHL0J4/mQc57hCBE0FLkgrZmQEeZhCtpjCLUnh7mQdNyhCZ8qAL0ImGmQRbugC1T3AL0+qfmQHmpgC1AXFL0xFQmQRbTgCJT71K0HwTmQzWYfCF/T7K0lO3lQVMLfCdHD4KUL39lQf5kiCZEy9KUPQxmQ S_000002_000
L46lgCFX/FLUKcNnQAAEhCVOkELkEDcnQiWYgCFDyILUy2RnQ2O3fCJFOELE/pKnQBr0eClYAFLkVO8mQb8CeCNdjCLkoF1mQmZ+eCJbnALkYQsmQGEYdCNz8ALEQ1GnQb8KcC5kICLE7RPnQbnfeCd++9KEpwvmQ2jKdC9oQ+KUbn7mQ6mEcCdSM+KUwKtmQ03ffChpb8KERL8mQBrUfC9Tt5K01j+mQZQYeChqh4KUIw2mQ7RJgC12Z4K0kYKnQT3sgC99j5KU14TnQjXGhCdSM4KUGEenQuewgC9na8KE/pQnQCsSgCx0t9KUzMFnQ3WOfCJO5FLknzvmQTbOeCZ5QGLUVgDnQU+ZdCliFDLUGBqmQzhAeC1ftAL0opSnQmrVeCFbG9KUf+hmQSNFdCp5y8K0W8FnQvaWbCRYU/KELyymQUkFgCpMe2KUaNMnQJoIhCx5Z9KEhyWnQ4CWgC1gp/KUgUDnQ S_000002_000
LaR2bC13vBLUjXonQMIIdC5PlBLU0i0nQsH1aCFsyDLktztnQYlLbCtH1+KEBWpnQ6m8ZCx1T+KkpbenQDXnZCdoV7K0jCdnQnvnaC5Q75KkDtQnQSMoZClBx5Kk78xnQtdeYCNHK6KkoF/nQXP6aCtIb3K0kYanQoFxZCZP62KkZmpnQmupYChqB2KUbndnQNz0eC5QbyKE+T9nQSModCxfaxKkBB2nQ14ddCZ5wuKEaR4nQpbqcCBW5yK0xLtnQnv/cChqh1KkVOsnQwfKeClst2KEnEznQGZLfChrH1KUjX8nQNzIgCVj31KkArBoQW5IeCNzc5K0IbvnQY6+cCJb35K01jmnQLyOcCFYl3K0NJknQuY7bCF8y4K0ETOoQCxkcCJTA1KkTDToQDNAaCBgB/KkC3PnQY8NZCNmN/K0VCmnQY+vYClEI7K0S3VnQ36aaCZDR6KE/O6nQWC8aCdWA2KkdkPnQei9ZCRjp1K09M1nQ2j1XC9Mz2KUNvjnQwydfCJkKxKk9xBoQ11ocCFK6tKEpbznQCPLeCNhrtKU7v+nQYArcC1xo7KUIEinQ S_000002_000
LwKHSCJEotKEUNAkQwfiRC5P1rKkArQkQ7RpRClDdtKknvpjQcSsTCFDStKUO0AkQJbfUCtznuKkWkxjQEtwVCFX/sKUbnvjQsHdVCJxQqKkCXpjQMdzWCZk9tK025fjQU4CYCtyRtKEqGpjQgq5VClYwpKUgVUjQfUgWCdRWsKUhrLjQU4qXCpGvrK025/iQVjXTC5kYhKEZ76iQuzfUCJwqhK0eUGjQmZGVCFZ7jKkmZMjQzMbUCNJGmK0LdFjQSMQTCtzHmK0co5iQQgtSCNymjKEXP0iQXklRC5PVjKEQ1oiQCB2SClstoKEEY1iQKxwTC55LqKE8n+iQ03vUCRfvoKUxgIjQK+qUCZScwKEho2jQHUAUCh9tuKk++jjQs2+RC5s/nK0lEtjQKZGSCx14jKk0VujQkgNWCl/8sK03i9jQthsWCJK5vK0QydjQhglWCFkWoKUOaUjQN01VCNvPtKkzpCjQa8bYCV7nsKETmGjQMN8UChvAgKEDzKjQD3PRCxsihK0ZbliQXhGRCN06kKkg5jiQR8vTCxYJsKkyZ+iQ S_000002_000
L67PZChWUvKEtInjQ5QrYCNc9xKEBWhjQqGHaClD9uK0bS6jQBWBaC1NJuKE/pSjQ99DbCZPqvKErcIjQU4SbC9S3uKUwKxiQKc1bCRhLsKUktviQoaEaCxf6uKE8niiQ78VaCZ6mwKEQ1QiQ35TbCNc9qKkuJdiQMI4ZCFu+rKkpbciQBrUZCNHqrKEv0HiQFu+ZCBAghK0bSEiQtdeZCtI7jKUbn9hQKxgYC1h2jKECsuhQc94ZC9RRmKEqGFiQJb3aCJxAmKUJGUiQMdbbC5QrjK0isbiQR2+aCBrMhKUbnTiQSMYbCpa8eKECsYiQmuZcCdSMkKEW5qiQRLacCd8ymKkSMsiQZQgbCZlDoKUc9eiQhm5bClcZvKktSQjQOx0aCR9jxKkczIjQDR8bCRoGwKEdyqiQEBTZClhjvKEXyqiQvNybCFAirK0HNQiQzLWZCpDBrK00IniQYW4YCF2UtKE4mDiQX2mZChO4fKU3z9hQ1mHYCtbhlK0gZphQ5vMYCdlIiKUWDphQCLAdCx1ynK0Nx1iQ S_000002_000
LWOMZCFCcyKkDtGiQc9gYC9n6zK0KHYiQiBxZCFu+zKECs0hQBrMYC98NwK0Ib9hQ4P1WC1iMwKUwKDiQUN+VClu5wKkEDwhQQgtWC1NZwKkpbchQ4PtUCFuOvK0w1thQEtoTCZ7MwKEZ76hQiB5VCFX/uKkqxNhQ+TdUCVMYvKEmuVhQ/U7TCpZ2xKk9oOhQCsiVCls9lK0KHmgQ1NBVCtcYoKU14hgQmuJVCNHqqKEW5sgQGZ7VCd8SqKUdT+gQLHiWCRh7nKUFuEhQWOUWCNHqlK0is3gQ+T1WC13PjKU147gQfUQXCx1ToKEEYXhQT3EXCdR2qKEsybhQwfSWCtILsKEBWNhQKyrWCBCgxKUloOiQw+lWCRWauKk+YIiQ3lvVCJnzyKE0vwhQeD6UCh3XtKkLvxhQqj+VCdvvvK0QX/gQ6+4TCxv5tKUN0QhQWnUTClTjyKUonZhQRsdUCR5foKEf/UgQ3kpWCNgvhK00RygQ/WZXCNJ/iKE2iIhQpKeXCRZurKUVUohQ S_000002_000
LMdLTC5OfuKEEYPiQDXXUCpa8tKkX6ciQuz/RCNJ2vKU6mYiQ/puSChArrK0FZFiQPffRCtzXrKkBB6hQDCkRC5kIpKEShphQqx7SCxLtoK04lihQtdGRCR1YmKkuJxhQGZrPC5kImKkBBwhQjXKTCdS8lKUzMfhQDC0RCltjkK03PhhQShLRCV4akK0jCNhQ8nCWC1MDeKU0i2hQqxLVCxgQeK0FZlhQueEVCBBGcKEW5YhQzheUCRKcgKkX6ghQNzsUCdSciKEqGvhQLHiVCRhbiKU6mAiQmuRWCNJGgKU2OFiQWOEXCFuufKUMIUiQ2OfVClC3kK00NLiQ1NpUChqRmKUJGAiQMIIUCRK8kK0JxuhQgBSRCFZDtK0rsyhQ3xxQCJ49qKUtQEiQlvBRCpDppKkmBdhQ0wZRCdHHmKUG5/hQ7vgTCtcrlKE7sQhQsH8RC9ewiKkuHnhQKOsRCR0NjKkEwDhQ+2gWCdcWcKkEh4hQ55dUCp+HcKkkhMhQTllVCVneaK0CFchQboZUCVqHoKEAtDiQ S_000002_000
Lmu5OCx1zjK0Gv8hQ35bPC55rjKEQ1SiQZ7cNCBAQkKU5Q5hQIFWPCNyGhKEQ1whQwKvOCxgQgKUzMdhQNeBPC9mUdKkU4YhQNzcQCZm5cK0GvWhQ5lmOClsdbKEW5qhQ03PNCpasaKUgVohQcS0QClXaaK0z3fhQ/UjPCpZGZK01johQueEPCJEIXKUgVahQ3kYUCluJWKEnERiQf/kTCNJGVKERLCiQhArSCV3UWKk781hQ03nSCls9YK0HF6hQc9YTCFYVaKET3IiQcSUUCltzYKkR2UiQAAIVCNJ2ZK0isjiQcSETChqBdKULyIiQlYISC5lOdKUPK6hQPK0RCBq2aK04lwhQK6FPCZqVhKEaaRhQMNxNCpBigKEEIehQvblOC5WzcK0veLhQm2uOCVGYcKUQo4hQm1MRC9DSZKU/mUhQZbxPCBCUYKEGf2hQcOuPCptqVK0YiZhQwVqTCNcKTKU75/hQZxvVCF5rYKEngriQYSGVCFFxbKUPxmiQOtsRCVQ7eKE8c2hQ S_000002_000
LPKUMCpvfaKklD9hQJbnMCVO0cKUf/KiQnE7KCxeEaKEmu1hQwK3MCNy2XKk9oIiQpbqMCVOUVKklD/hQuznNCdnPTKU46HiQ2O/OC55LUKknvHiQShbNCJahSKU5QfiQO0SMCJb3QKUNehiQe+uPC99jSKk++ViQe+uOCpEDRKU46jiQXktOC99TOKkYQeiQjXqQC5OPUK00NjiQc9wRCJaBTKE7RtiQ149RCdRmQKUiBriQgVmSCR0iUKk8S5iQqGXSC12JXK0Of7iQXkNTCx1jYK0LdHjQuzPRCpacYKkQgxiQShbQChA7WK0fqliQlNzMCFPeVK0OlvhQzkvLCdxuUKkwxBiQg3kNCR2oRKEP++hQJEVNC9dKUKkMrniQ3+PQCVxRRKk8fNiQqDAPCBBQRKkh6yiQfC9OC1PPNK0+xqiQXsETCl6eaK0ZeJjQ7b+TCF1qXKEzOOjQRzFRC1eXaKUIQziQWRqPChswXKU7qeiQ S_000002_000
LjXyLC1i8PK04l4iQUNGMCFYFSKkYQIjQ9oYKCNdDPK0251iQ78tMCFZbNK0259iQaReMCNe5LKEueQjQbnvNCx1jKKUJGYjQzM7OC99zLKEnEPjQ2O/NCJv0KK025vjQYlLNCBVDJK0fq7jQZQAQCVOkLKEpwdjQXkdPCV3EKKk8SxjQgVuPCFsSHKU0iwjQSMgQCpbSOKUGEkjQkCnRCpbiOK0IbxjQAAQSC9nqMKE/p4jQEY9RCVMIRKkVO2jQyLVRC55bTK03PvjQEtwRCVjnVKkX60jQPKMQC56BTKEVjhjQlD1PChqhQKE/pcjQLNzLCZEiKKkMONjQrRIMC9vENKEzvbjQ29uNC56rIK0jhTjQYtzNCF1qMKkOU0jQEnuQCFIhKKEaUXjQdo4PCNi2KK0CA+jQNRsQCZIAHKEKixjQGCvSCJRXRKU3m/jQLTsPChUkUKku9bjQnRDPCJ7RQKURWTjQ S_000002_000
LLymMChqBKKkVOSkQFuWNC5QbMKUzMZkQEtILCRKMKK0HFQkQCB+MCdRmHKU14hkQhrPOCVOUGKkoFhkQsyRPCRKsHK0xLvkQIF2PCx09JKEaRkkQFDyOCZ78IKUy2DlQepjOCNz8GKkZmTlQ99jQCtxbLK0w1zkQoa8PCpEzKKkZmJlQ5Q7QCJGkJKU0iWlQJGsSCdolUKUGEElQTi5SCluJSKkpbMlQGZTSCdR2PKEEYHlQKxYRCBrMQKEpw3kQ99DRCV3kSK0fqtkQW5wRCtz3UKErc0kQYljRCR0SXKEUNskQNzEQCtxLSKErcekQlD1PCxKnPKUbnfkQsHlQCdTSOKU0iukQXhkOClGVGKk6SSkQ4jJOCJadEKUd2lkQe0/PCV2aGKEnYykQnK9NC5a8JKUe9AlQL7eRCN2wKKEZbzkQsOoPCpNdMKEURQlQUmDRC97oKK0sejlQT6kTCtcCSKEsuXlQPgESClA1YKU/dxkQ5+4QChtiXKEI4gkQwbKPCBitOK0loWkQ S_000002_000
LJGcNCpwVHKEmullQoFZMCRhLJKUktdlQWOENCB/pEKUy2tlQMIQOCpZ2IKEDC4lQuzXPCZljHK0FZBmQ46RQCJGkJK0eUMmQpbiQC9S3LKkAr+lQDXvPCNzsKKU2OhmQaR2QChVuKKEYlvmQsyZQCFZLOKkCXLmQDXPPCNzcNK057ZmQ/UDPCBqWPKkmZqmQe+eNCZljSKkVOSlQ6mUNChUIQKEaRclQSMQMCRhrOKksdWlQgqJOCtxLPKklDrlQ5QLPChU4QKEqGvlQzMbPC5PVTKk++llQXPiOCVOUUKkYQWlQUNmOCxLdWKkmZMlQZ7kQClsdUKkmZulQuz/QC1isSKUPK8lQoaMQC5leQK0Of9lQe23PCJnnGKEiM2lQljDPCl5PGKUW7LmQ91IRCl5sIK0YePmQhHAPCZ6kJKUNQmmQWtMRC9niOKkBDUmQuoaOClYTNK08gRmQh5YOCxGrQK0qtlmQ+L0MCFsETKkKiHlQSrFMCp17MKkvHdlQdqoLCBAXPKEElLlQLizRCZg7SKEl0EmQ S_000002_000
Lb8yQC9RBMK0d+GnQ3kYPCJxQMK025NnQ3kwRCRLiKK0yhUnQEYVRCFX/OKU3kCnQSMoSCZQgPK0FZ5mQEYFTChUYSKUiB9mQVjfSCtILUKk/UtmQIFuSCJEoTK0yhSnQyLtTCpbiVKktzXnQY62RCR0SWKUgV4mQy2ZRCNIAVKEnENnQ03/QCV46WKEaRcnQdoFQCxggeKUdTQmQ/ULRCNeJeKkvfcmQf/kRCtx7bKU0immQCBuQClX6ZKkoFjmQ35jPCtd+ZKUiBXmQbnPPCRhbcKUzMNmQFDKOCFDycKEtIBmQ5Q7OCxJhXKkrHXmQyLtPCdTCWKkoFjmQ5QzQCNyWXKEQ1qmQFulSCdrKPKEF9pmQRKSTCRxSOK0Z2/mQaxDUCZsdSKEEj7mQ2eqSC1lNSKkYXdnQFVeSCBDxXK0ej7mQS+rQCFzsTKE7oKnQPjJQC9atXK0dpXnQMfwRCVitfK09TemQNq+NCt8heKEco6lQWZiNCdxSbK0Uw+lQOThPC5sJUKESQmmQ S_000002_000
LMIAVC9owUK0FZlnQXPqUCZ5gSKEv0znQ9oIWCNzcUK0kYWnQsHNVC12ZXKEVjznQc9IUC9SXYKErcAoQOJuTC98NbK0co7nQ5l2UCVNucKEVjznQDXnSC13fbKEQ1qnQPfXRCVihcKEsyznQ8SfUCpvPeKUHahnQGEQTCx09cKknvXnQpwdSCVN+eK025NnQPfnVCBVTeKEpwRnQiWsVCNJWgKUdTCnQT30UCVjHiKkZmBnQe+uWCV3UgKUdT0mQpbqXCZmZeKE7R1mQO0qYCVNeeKUzMnmQ/pmXCNdTcKULyEnQBrkWCdoVcKkvfSnQzO1UCxziaKEK8gmQ4gbUCdtTYKEv7HoQPDXTChrMXK0uH/nQ3gZTCVDFcK0YXEoQCucSCxIwZK0XOknQtcRUCZXEgKkgAmnQLQjTCxUtbKkZuMnQ66YSCVRleK06l+mQbNXZCJtFdKkqinmQDktYCBF6fKUricmQSnSYCpD6aKEzVFnQLggWClL7aKE3SdnQ S_000002_000
L5lGVCZQwrKU6mYnQ1NhUCNJWpKUO0inQAAQUCBBmtK0z3LnQ/UTWCV4qqKkYQKnQTiJXCVNesKUwK/mQy2RYCB/5qKUzM1mQwf6YCd+OpKEtIFnQ46xXCViBpK0z3jmQ++hYC9TdpKkrHRmQyLNZCxgwmKESh7mQY6+XClYQmKkWktmQ+TNYCNIQkKkEDemQZQQXCpv/hKULy8nQ35rWCBr8jKUMIwnQHvcVCpvvkKE+T1nQCsSXCltDlKUKcfnQjXiYC1jCkKEXPcnQPKMZCdRGiKU46nnQsyhYCRh7gK0fq5nQT38YCRKMfK0d+CoQlDdaCxKnhKEYlfnQ8niaCd+OjKk8SPnQ8naZCxJxkKEaRMnQo1fXC1/ytKkGSJnQTNoWCFOZtKkOH0mQNHVYC1nVeK03G5mQbbnWCFdMeKEnOMnQMY8YCxbKsKEBjvmQA70WCheWpKUWahmQRhAaCB9zmKUJhymQtPPXCZpwlKku92mQMXjXCNP0iKU5CgmQjZuWCJGUhK0pZEoQrNAVCRiImKEl0snQ7M/UCVp8jKEYyAoQSNVbCxcWjKEEFGnQ S_000002_000
LsH9XCZ6WrK0Jx+lQQgNXCd9otK0NJImQf/EZCNJ2rKkqxvlQwf6WC1icpK0xLzlQJGkVCx1jpKET34lQoa0UCBrcnKU0islQfUQVC141kK0IbzlQf/UTCVNenK0JxwlQBrsSCNz8oKkvfglQ9oQUCtHFjKEDCslQx17SCtyhkKEv0vlQhADSCFX/jK0GvelQO0aSChWkZKkpbylQoFBSChrnbKkuJllQAAARCBBGbKUy2XlQZ7kSChqBeKET3klQCBmTCNIQeKU2OzlQ6mEUCh/UcKUzMBmQdodTCxgwZKE7RBmQSMwTCNdzXK04lMmQMIIVC5PVdKEEYNmQW5QVCd8yfKUFuGmQhrXUCpvfgKEW52lQquNVC9zVrK0Re1lQRveVCpCQpKU6SImQNDBVCtGqnKESRdlQ2SKTCpZQoK013+lQMpYUCpeyiKk0pclQPVkSC1T6jKkQg9lQD6cRCFzhlKkxyclQPH8RCNT3XKEgYxlQATrQC5xecK0/COlQs9kQCd4UZKkl5XlQHB8VCp2BhKkcZMmQ S_000002_000
LqGfSC14FsKk8SjlQwKfRCNH6sK0d+SlQlYQSCRhrsKkVO6lQU46TC9RRtKUO0clQx1DUCNy2vKEShTlQpb6UCVNuvKEEY/kQRLSUC9mUxKET3ukQgVWWCtduwKkYQClQtdWXCVjnuK0xLFlQCBOVCR0CzKUiBlkQ+TlWCRKsyKEmuvkQQ1gXCBAwxK01jgkQ8nqUC1411KEYllkQkC3UC9mk3KEDCUkQVjfVCltz2KUPKEkQmZWUC14F6KUFuUkQIwqTCZP66KU14lkQueMTClXa9K0islkQlDdTCRKM5K0253kQdo9TC9Tt2KEnE3kQl3eUCpYDxKk67dlQT+KTChNjwKkm7PlQYt9UCp52tKUOo6kQY2YWCBw6xKk2rOlQsDSVChdfyK0UBWkQxC2WCJdd0KUA/0kQkKDXCV6mwKkXNWkQiHsSChyF+K0X+xkQusWTCJNk+KkuRZkQP18SCZQz5KEOcElQUz0TC1jg1KU0QDlQ S_000002_000
LrcwXC5OPsK03P1kQTihYC5kYtKU5QjkQHaZYCtzHqKEaRClQ5lWWCV4KrKECsskQzMTWC1icpKkX6akQZQYWClYgmKUiBhkQ4PFVCxJRlKk78dkQx1TXCVO0kKUKcTkQ78lXC9TdiKUIwekQuzHVCZQgjKEaRMkQIwaWCZmJkKUxgAkQnv3WC573hKk/U1jQ35DRCpaMfKEDCmjQoaESCNJGeK03PxjQgVGTCx1TfKkR26jQ2jCTCR2+hK0NJ4jQWOESCR1YjKUf/sjQsyBRCd94hKkTijjQLHCQCRLCjKkpbYjQiWUSCNyGmKUHatjQhAbTCpETmKk9o4jQIw6TCZm5jKkTi/jQ5LDXC5b2pKU4VRkQKadVCNevpKUGOTkQ0XoWCxhXmKU+IwkQd8HYCdw1lKEQYQkQ2HJVCZ3ohKU2GRkQFGUWCpAslK0N72jQxUjWCB79hKUqhmjQOJDSCdJJcKELmyjQc/UPChC7hKUKISjQmmAQC1u+kKUxoWjQx/2TCNlAoK0Ix7jQ S_000002_000
