SEQUENCE: aguacguaauaacuZZwwwwwwwwwwwww
SCORE:     score     fa_atr     fa_rep    fa_intra_rep    lk_nonpolar    fa_elec_rna_phos_phos     mg_lig     mg_sol    hoh_ref    rna_torsion    suiteness_bonus    rna_sugar_close    fa_stack    stack_elec    geom_sol_fast    hbond_sr_bb_sc    hbond_lr_bb_sc    hbond_sc        ref    free_suite    free_2HOprime    intermol    other_pose    loop_close    linear_chainbreak    time    missing        rms    rms_fill description
REMARK BINARY SILENTFILE    FULL_MODEL_PARAMETERS  FULL_SEQUENCE aguacguaauaacuZZwwwwwwwwwwwww  CONVENTIONAL_RES_CHAIN R:133-137,R:181-187,R:189-190,R:1001-1002,R:1005-1009,w:1001-1008  CUTPOINT_OPEN 5,12,14-29  DOCK_DOMAIN 1:1-16 2:17 3:18 4:19 5:20 6:21 7:22 8:23 9:24 10:25 11:26 12:27 13:28 14:29  EXTRA_MINIMIZE 7  FIXED_DOMAIN 1-6,12-16  INPUT_DOMAIN 1-7,12-16  SAMPLE 8-11,17-29  WORKING 1-29  RNA_TERMINAL 1,5-6,13-14  RNA_BLOCK_STACK_ABOVE 5,14  RNA_BLOCK_STACK_BELOW 1,6,13
SCORE:   350.847    -32.179    351.862           0.459          4.889                    2.396    -58.850      3.355      6.000         13.871              0.000              2.224     -24.750        -1.600           16.271            -1.805            -0.874     -17.724     50.440         0.000            0.000      36.800         0.000         0.000                0.062 10798.790          1      1.004       1.004    S_000001_000
RES_NUM R:133-137 R:181-187 R:189-190 R:1001-1002 R:1005-1009 w:1001-1007 S_000001_000
FOLD_TREE  EDGE 1 5 -1  JEDGE 1 13 2 C4 C2  INTRA_RES_STUB  JEDGE 1 6 4 C4 C4  INTRA_RES_STUB  EDGE 13 14 -1  JEDGE 14 12 1 C2 C4  INTRA_RES_STUB  JEDGE 12 15 3 C4 MG  INTRA_RES_STUB  JEDGE 15 17 5 MG O  INTRA_RES_STUB  JEDGE 15 18 6 MG O  INTRA_RES_STUB  JEDGE 15 19 7 MG O  INTRA_RES_STUB  JEDGE 15 20 8 MG O  INTRA_RES_STUB  JEDGE 15 21 9 MG O  INTRA_RES_STUB  JEDGE 15 22 10 MG O  INTRA_RES_STUB  EDGE 15 16 -1  JEDGE 16 23 11 MG O  INTRA_RES_STUB  JEDGE 16 24 12 MG O  INTRA_RES_STUB  JEDGE 16 25 13 MG O  INTRA_RES_STUB  JEDGE 16 26 14 MG O  INTRA_RES_STUB  JEDGE 16 27 15 MG O  INTRA_RES_STUB  JEDGE 16 28 16 MG O  INTRA_RES_STUB  EDGE 12 10 -1  EDGE 6 9 -1  S_000001_000
RT 0.525558 -0.830129 -0.186214 -0.837917 -0.542959 0.0555906 -0.147254 0.126816 -0.980935 -3.68976 -4.69887 6.73067   S_000001_000
RT -0.797144 0.590299 -0.126921 0.600152 0.751602 -0.273699 -0.06617 -0.29435 -0.953404 7.97897 -2.85667 -3.37853   S_000001_000
RT -0.361613 -0.931907 0.0280113 0.819506 -0.303384 0.486176 -0.444573 0.198763 0.873412 2.8484 9.82942 -4.7471   S_000001_000
RT 0.535963 0.594764 -0.599165 0.740279 -0.67228 -0.00515027 -0.40587 -0.440789 -0.800609 2.56014 -10.2489 -10.4662   S_000001_000
RT 0.612079 -0.790796 4.88498e-15 0.510726 0.395304 -0.763475 0.603753 0.467307 0.645838 -2.1 3.44169e-15 1.90958e-14   S_000001_000
RT -5.60663e-15 -2.22045e-16 1 0.208449 0.978033 1.44329e-15 -0.978033 0.208449 -5.44009e-15 2.80886e-14 1.35626 1.6033   S_000001_000
RT -0.672575 -0.23734 -0.700937 -0.243872 0.965351 -0.0928676 0.698692 0.108479 -0.707151 -1.77636e-14 1.6033 -1.35626   S_000001_000
RT -0.612079 0.790796 -8.32667e-16 -0.510726 -0.395304 -0.763475 -0.603753 -0.467307 0.645838 2.1 8.32667e-15 -3.60822e-14   S_000001_000
RT 0.347568 0.305756 -0.886403 0.931258 -0.222796 0.288305 -0.109336 -0.925675 -0.362175 -2.41751e-14 -1.35626 -1.6033   S_000001_000
RT -0.671114 -0.223121 -0.706982 0.0896633 -0.971064 0.22135 -0.735912 0.085161 0.6717 1.85407e-14 -1.6033 1.35626   S_000001_000
RT -0.000434168 -0.618901 -0.785469 -0.446524 -0.702695 0.553928 -0.894772 0.350971 -0.276049 -1.02723 -0.593 1.73296   S_000001_000
RT 0.853222 0.180931 0.489159 0.0413454 -0.958411 0.282381 0.519907 -0.220709 -0.825218 -0.796236 -1.64475 -1.0348   S_000001_000
RT -0.556627 0.660044 0.504489 0.6159 -0.0796689 0.783786 0.557525 0.746991 -0.362175 1.64948 -1.16325 0.579703   S_000001_000
RT 0.000434168 0.618901 -0.785469 0.446524 0.702695 0.553928 0.894772 -0.350971 -0.276049 1.02723 0.593 -1.73296   S_000001_000
RT 0.588814 0.803391 -0.088657 -0.609529 0.36932 -0.701482 -0.530822 0.467082 0.707151 0.796236 1.64475 1.0348   S_000001_000
RT -0.139556 -0.972141 -0.188326 -0.93099 0.193601 -0.309478 0.337316 0.132141 -0.932071 -1.64948 1.16325 -0.579703   S_000001_000
ANNOTATED_SEQUENCE: a[RAD:Virtual_Phosphate:BlockStackBelow]guac[RCY:BlockStackAbove]g[RGU:Virtual_Phosphate:BlockStackBelow]uaa[RAD:rna_cutpoint_lower]u[URA:rna_cutpoint_upper]aac[RCY:Virtual_Phosphate:BlockStackBelow]u[URA:BlockStackAbove]Z[MG]Z[MG]w[HOH:VirtualWater]w[HOH:VirtualWater]ww[HOH:VirtualWater]www[HOH:VirtualWater]w[HOH:VirtualWater]ww[HOH:VirtualWater]ww S_000001_000
LFD+gC5lueH8w1HlQAA8gCZQgcHssdwkQe+ehCd9oZHs8SVlQBWBhC9RhrH857JlQb8+gC5OfwHsvfelQGE0gCd8S8HsmZclQQgJgCtco9HcepTlQMdPhC99TBIMZ7MlQMI4hCd+eCI8HFWlQDCIgCtdeDIMCsGlQR2ygC9TNGIcxgKlQHaxgCdnPJIsWkdlQjXyeCNHaKI8Mz8jQRL6eC1h2MIMpwPkQktTfC99zKI8hWikQ+TlfCpEjFIMuegkQlYgfCtyhCIMAAOkQNzEfCd9IFIs8S7jQiW8eClYwCIsSMojQ3k4fC14l6H8NJSkQBWFgCBVj6Hc6mmkQWOAgC14FCIsmZwkQuzogCZa6sH8GAnlQejahCh6tvHcIwllQJQmcCRfm7HsYupkQVC/bCJj1EI88XbkQ950gCtwl/HcEoqlQ/+ShCtRg+HMYs/kQwthfCdU0FI8AnLlQWa7gChkZIIszO+kQcuNhCx9LJIcnSklQkGreCRHqQIMACQkQsJpeCBL1EIMtxbjQ5QJfCBY49Hc3omjQJBPgC9SJ0HclQukQ S_000001_000
LJGgiCtxrDI8jCHlQyLhiCZPK/HMAA2kQGEEjCVNeEIcy2VlQ5lWiChALJIMCs6kQIwWiCdTCOIMAAGlQmuBiC1MTSIM/p4kQKxYhChpbQIsX6wkQBWZiC9owTIcjXkkQMd7iCFCMXIsCXpkQT3QhCJwqSI81jckQXk1hCBAgWIcMIYkQueshC1NpbIsBBgkQv0pgClYQPIMsyPjQW5ogCVj3TIs/UbjQSMcgCZkNYIcjXQjQiW0gC1NJUI8isvjQ9oAhC9SXPIMpw3jQY6ChCxggKI8fqtjQIF2gCFsSKIMDCYjQ+T1gClBhGI8OfLjQNeRhChrnGIckt7jQepXhCJwKJIMsyNkQmuNhCxggOI8kYMkQeLHiC5RkNIMaeTlQLa0iCpYCPIcqLJlQOH9hCBheVIM4jBlQnqjiCZPfQIMTedkQV71gCh7qUIM7JdkQ5i7hC54mWIsFvIkQvGyhC1pReIMSvUkQLWhgCdTcPIMxtAjQEPbgC1atbIMycXjQS4TgCZV5XI8tTBjQ8CihCZNbHIMb1akQ S_000001_000
LmZijC57HYIsQgZkQzhujCFDCTIcc9OkQsHBkCtxLbIMCsmkQJGQjC557bIsQgHkQ7RFjCd8ShI8kYMkQQg1iC5O/jIMXP4jQMdPiCh/UhIcIwwjQb8SjCxKnjI8jCljQEY1jCRLSnIMoamjQsyNiCxLdhIMXPajQktziCpw1kIMtITjQf/oiCd8SqIcGESjQQgNiC56xbIstzRjQNeBiChWEbIsU48iQ673hChVueI8gAxiQZ7AiCJE4VIs++1iQktLiCRKcRIs++BjQy2JiC1NJNIs8S5iQbnXiCVjXSIstzXjQGEYiCpvfXI84lejQi7uiCdHUhIMoYXkQMqejCxgIjIsN7RkQ2luiCJJunIc4g7jQ4GejCle9fIct8jjQ/LzhCtBMjIczoVjQOV+iC5qjjI8sTFjQdXCjChxbsIcthVjQkE4hC1QSVIMmIniQK+eiCpvWPIMaJhjQaLgiCRwLYIMHetjQ S_000001_000
LU4ikChWklIsX6cjQOJukCFtIgI857jjQxgAlCx1DqIsQghjQW5YkCNyWlIcJGEjQTiRkCJFOqIsoF5iQU4GkCZPKpI857hiQcSgjCxgAmI8xLhiQ8nmkClYwlIMYlViQ7RJlClYwoIcktNiQLyijCR2OiIMueQiQpbKkCVMojIMmuDiQ9oAkCNyWnI8LdzhQmuRjCNzsOIsED+hQnvPjChrHTI8hWyhQHvUjCZPKYIsDt4hQKxcjCVOUYIsnvNiQ67fjCZ6GUIstzbiQdoZjC5O/OIsuJTiQShbjC98dKIc3keiQfUojCR14VIMUNwiQ2jqjCxKHbIcy2tiQVjjjC1MzcI8LdZiQ5r5jCdJHsI8H6/iQMRrkCZjcsIM695iQ8LCkCBelsIsPraiQKXxkCdA6iIct7eiQUdJjChxliIs1UHiQtiWkCduYgIM0T9hQoEakChphpIMegwhQU3JjCx4oSIcJEjhQvHXjClcAHIsTiXiQ7PhjCNXnKI8l+tiQMTwjCFOkdI8Lw5iQ S_000001_000
LEt4lCpwVmI8KHOiQiWAmCpFZjIcJGiiQNzUmCJaxqIs8SHiQ033lCR14hIstz7hQqxzlCpFZjI8z3lhQFuilCRhreIs/UZhQzM/kCZ5QcIMQ1khQXkBmCx1DaIsYQWhQ++dmCd9IbI80NFhQXk9kC9owWI8cofhQ78hlCx0tVIMAAQhQY6SlCJaRWI8Gv6gQbn/kCxLdTIcKczhQ+T1kCtyBOIsnvxhQVjrkChVOMIs78fhQCs2kCFZ7KI8OfDiQQgBlC9mENIcdTWiQdTClCFu+JIsTiniQZQMlCtHlSIcgVYiQtdKlCxKnVIsDtGiQROomCtqXNIscU6hQBIglCd2bmIM4zkhQm5PmClkdkIMmaghQufYlCVG9fIMwaLhQ4fRmC5HeZIcZjjhQjOikCpUEWIM9eYhQc7tlC9DJSIcvUShQMPqlCdVmXI8ktxgQTLKlC93fLIMJc1iQ/B7kChXLGIc2WmiQznUlCRrGUIcqKmiQEwRlC1YaZIcmyHiQ S_000001_000
LjXCjCJbnCHcf/SiQnE7iCZ6mKHc14jiQGEgiC1Mz6Gs78NiQcSMjC13PJHc149hQgqVjCtz3DHsArqhQqxrjC5OfLHMEYbhQU4SkC5OfPH8jClhQb8SjCpZmVHMVjVhQOJ2iCRKcTHMW5EhQWOYkCNHaaHc5QfhQDX3jChWkcH825NhQDCIkCBBWZHs++5gQGZrkCJwKAIMQ16hQ1NxkClCX8Hc0imhQOJ+kCFXvBIMv0XhQzMrkC9TNyHs8ShhQpwdkC5QLsHcGEyhQIwWkCBBWvHM/pGiQgqdkCFXP6Hs++LiQmuZkC5lu+H8LddiQNeJkCJv0mHMtITiQc9IkClDteHMUNGiQxgUkCNHahHMpwxhQRSojCFtw9Gc7xthQq76iC5OQBH8WWkhQWD6lC1JahHsUYNiQtwLmC5PhwHstiDiQ+BzjCJInHH8tOOhQHtDjCxRMYH8MOihQhE1kChSLbHMXTZhQuJvjCpqIkHseiNhQLcWkC1kcfH8ZRzgQDWxkCRM+DI8GL9hQwMDlC9olAIctCJhQ8iClCRXfFI8VzbhQRuAkC5IeXHcAoKiQ S_000001_000
LT3IiCJe5YHcsEChQYn3hCBezbH8zFXhQdmwhCpmeSH8yTygQAOUiCNTLkH8QH3gQPGsiCJAYkHsGxjgQzEziCVL3vHsHkdgQZoJjCtdB1HMI7ugQdgKiCVwM2HcHQagQY/QiCtII+HMNvKgQKDyiC5gz9HsnU2gQYJEiCBNQ7HMrLwgQOTrhCVPVCIs9xvgQDg2iCtkq+HctFOhQDBCjCFtJEIMHDXhQSXKjCJeEIIcuZMhQNTEjCRUMEIcDDthQ6h7iCJjy/HsJM6hQng+iCtnYAIs7nNiQbdviClkD2HcKwvhQEmtiCdS21HsTbahQJgHjCBYvgHsdEmgQpDciCZBlgHMLpYgQAeEjCNnFwH8LiQgQMgzhC12VxHsR5VgQTp6iCxGRCIsLgvgQmI4hCZbI2Hsra6gQM4OhCRJfBI89DqgQK2MjCRykHI8htzhQEvoiCBxqvHMIN4hQLQliCFVIvHMYiThQ S_000001_000
LLNHiCh9q7H8h9jfQ3j1hC5/qwHcn5gfQvttiC92l+HcAvKfQG/hhCRg7BIM3BYfQBZ2gClsVAIMDaZfQwMdgCBDuCIMg60eQ9oCgCtpQ9H8jYheQ2V3gC577EIsm4PeQbIHhCBUKKIMMvXeQmv/fCxa8+HsI30dQvBYgCB3oEIsCqqdQ1h1fCB/+IIcQdrdQ9eCgC91JpHsB6obQm2ZfCJZ8xHcNj0bQ0ibfCBVN3H8ykZcQ82IgCVafyHM5L1cQhMhgCJEcpHcC4tcQFadgCJInkHMDaFcQt5ygCRo2bHMVx5bQ0X5gCRb5mHMNvRdQ7QvgCZCWuHcwctdQzDSgCxHo1H8nTedQvy0gCV624HczsXfQ7zpgCV5gBI8Gi0fQNvKgCZIkFIM6GAfQofPhCVPiCIsqNKeQ+aDfCRex/HM+6sdQN+mgCpKZEIMrIPdQBd4fCBr4KIsyFQdQqozeCRO70HcvtebQg7ugCBX2YHcHEdbQBnGhCVyaYHcs6NcQic7gCl8ruHcQVKeQ S_000001_000
LsXzhCd7PMIMEdEeQZRQiC5ljHI84ABeQeT9hCJNkQI8mgjeQ/VvhC9Y4OIs1LWdQxXMhC5ORSIMA3LdQ5c8gCZ8RRIMj/ecQjIqgC9S9LIssFccQjLehCBmYRIMO67bQ2xnhC9GoWIMghtbQLe0gCpRjJI8Ju0bQWhKhClS1NIMRlZbQLdYiCpoOYIMFFjbQPT1iCVl/WIcE8LcQwBrgCtfoQIspqBbQOgohCBojuHcf68aQgoMhCBZs1HMWRtaQ8jAhCJZE/HsUf9aQjvUhCtjfAIM+tibQNKyhC9hb6HMC02bQsM8hCVcuwHssYibQf/XiC9FnpH8l8xbQMPAiC1hB/HsDvccQyWrhCNKDEIMRrecQKdQhCBw5EIM8m8bQJ/0gCF2mRI8SFgdQ2dVhCZWAWI80XOdQlQmgCJ36TIsPOYcQOc4hCp1sPIsSkGcQMTagClSXII84RmbQsfghC9RRMIcs/GbQU32gCRqEUIMyc4aQFO/gC9RvzHMqASaQisdiCZT+iHsFPibQVqmiCxwArHccFNcQipuhCRemGIMlR2cQ S_000001_000
LQFYiCVuPYIcCRjbQTiXiC5kIeI8pJdbQy7liC5VuUIMYl/aQoQ1iCBG9WIcCxLcQRadjCp2gZIMpcRcQ709jChD0VIMZjlcQiJIkCxnmRIMgJHcQQ3vjCNv/SIs7qOdQV6TkCJdQSIsTIqdQqs+jCBeiMIMDbZcQqDgjCV2lNIcaf+cQU+nhC5llWIMnrtbQzLhjCBRcJIsjLddQ0FrjCRBLJIM5n3bQWH4jCRN5DI8LY1bQwfSkCVa9BIclkNcQ7IljClq7AIMZmVbQLEHjCpSqCIMyb4aQ/94iCRl/+HszsdaQYI7iCxZKIIcxq8aQ7INjCN9ILIsfTbbQAIojCVJsaIc9g1bQfnZjCRKpcIse7jcQd3XkCl73XIMmercQ8+YjC5O+UIctDddQuhYkCVExKI8nPkcQi1CjChZ+NIsDizcQ20DjCZnkIIMZwldQI6tjCd+W6Hs8cTbQ18liCR2uJIsLPpaQgaEjCJA5OIcAkdbQ S_000001_000
LOaSkCNKVUIMzyaeQ5uljCpyzTIcsYqeQZGokCx2mZIsXpceQ/IvkCREIQIsaK0eQvfQlClS3RIMBtPfQ2wHlCp6WQIsMn9fQ0NZlCNfDLIsfsCgQQqYkCt2GQIcCWFgQAOTkCx5cSI8IAagQ9g7kC9f+HIc+rNgQ2FQkCx/GKIcdfGgQ/AvjCJlnIIsmtUgQyjflCBWnpHsYDmgQrQblClP0yH8J0wgQB0RlCVvh8HM2cpgQPXMlCtbU8HMCHUgQXuPlCt2fzHsI4GgQl5ZlCF2rpH8hoQgQpKelCFmggHcx6FgQWAIlCliU2HM8ejfQuSAlC1lTAI8sUlfQdZClCVrYCIMD+GgQHdrlCVkNQIcznGfQaMTlCxjwVI8eoNfQVgWlCpw6SI8pIIgQ0XGkCRU1RIMVW1fQ+q9kCFTOIIMBUdgQbhJkCx8wIIcMRwfQumyjCJxkKIc4LigQasflCxVVyHcDUAhQmTllCpR6ZHM9mNgQvNalCJeXgHcNvsfQin5kCZLeCIM1BMfQ S_000001_000
L3LsjCRVeWIc+fdgQjQSjChsiVIcy8JgQ+UAkCBtxbIsTDhgQx4OjCtAJVI811xgQ++liCtd+SI8FZxgQ7RFiCpbSXIcep1gQBWJiCtcIZIcbnLhQ35XhCJaRVI84lygQWOIhCZm5WIMDCegQQ1ghC14FZIcGEWhQGZ/gCpF5XI8a8EhQT3sgC13vcIcPK+gQx1fhC1jiFI84l0hQaRahCdRWHIM8nghQzhahCVjXMI8FZZhQXkhhC9n6PI80NphQcSohCtcoOIcgV+hQqGnhCJwKJI8HFEiQW5shCFueHI8HFYiQjXuhC1iMTI8kYKiQuzrhC57HXIMCs8hQDCkhClsdVI8bSohQc4giCJXYRIc1SjgQu0jiCVpLQIszU8gQXmKiCB0SaIM87rgQ6pXhCxRXRIsY6zgQknbhCJPqcIMpCchQ7NqgCNecVI8ZHLhQ74jgCFwYcIMdNvgQTTVhCJhlEI8NxVhQsyrhCtWpDI8UVbiQmNyhClUEKIMQjjiQQ8uhClA5aIcLxAiQ S_000001_000
LCsCdChrHNI8yhKhQ1NpcCJbnIIsDtYhQO0KcCRf/OIciB5gQJbXdCBqGSIMnEZhQFuudClX6WIciBPhQbnXeCVNeaIMBWfhQIwqfC12ZYIMW5khQ67ndChrnaIcjX0hQf/kcChUYeIsoFzhQ7R5fChVOZI8d+6hQUNueCVNecIM7RDiQBr8eCxL9hI80NBiQ8S/fCZ78TIcNeFiQT3MgCJaxTIMCsaiQpwVgCRK8XIcxgkiQDXPgCBr8OIcMIkiQKcFgC9RhKIc2OZiQNzIgChp7FIMmujiQ67vfCBqmKIMVjDiQb8qfCR1YPI8eU6hQsvWeC97HWIcyXDhQCX7cC5NmYIMDEJhQF1phCh7AOIsyH/hQBXeeCxRDeIMgMZhQUsRdCxyCXIMXk3hQVKXgClgObI8XW9hQkIieCx9dbI8KISiQTSGeCJwvjIMuI+hQS7BgCl4jCIsBhciQdJSgCRg6FIcqsyiQdBifCJnSHIc/67hQjlYfC9InPIcUXrhQ S_000001_000
LlDNbCRgVdI8xL/hQKx4aCFDiXIMtI/hQ1NRaCFZbhIczM3hQpbibCpbyeIMShXiQY62bCNzMkIMQ1ciQbnPcChpbkI8NJ0iQ+TddCVjXhIMSh3iQBWRbC1NphI8a8CjQSMIaC5P1kIM+THjQ8nadC989eIsBBMjQvJJcCR14gIspbWjQjXacC5QrlIMZ7gjQQ1gdCBqGZIMaRKjQ3k4dCNdTWIcgVcjQtdGeCBWZYIMmutjQXk9dCV46QIMEYZjQDXvdCdSMOIcxgGjQe+2dCRgVJIMRLGjQ5lWdClCXRIssd0iQSMQdCd9oWIMtI3iQSYWaC5yRSI8RHWjQQbmcC1sZlIcwyTiQb4EbC5ddmI8nFaiQDLacChqKoI8MF4iQTe/aCFUQeI89d8iQKzLeC5URgI8JQUjQ5rwbCRWQeIsZTgjQgYnbCNR9nI8iVgjQitMeCx4xOI8s8ljQk7KdCtxpPIcnpmiQoL/cCxRzYIsKyqiQ S_000001_000
LYlHjC9mECIcgVKeQQe8iCFP2AI82smeQRsuiCdkjEI8pcHeQBUYjChJ9EIsy2YeQgsSjCx+SDI8J+tdQfegjCxSL/H8WONeQv22iCtIY+HMO07dQ S_000001_000
LjspiCpbySIsmZafQ80WiCxoxRIs12BfQzaCjChgLTIs9WGfQDOiiChqoWIMa/VfQJk8iClOzTIcX8yfQS+QiC1WZSIcPcufQDLxiC1M8OIMzzefQ S_000001_000
LBQwiCVDA/H8v5FfQAm8iCJbz5HcVtYfQx4WiCZgqAIsUVUfQ S_000001_000
L4RTiC9nSHIsFREeQDB4hCpCkGIs4k3dQ2WRiCNl7KIsjkNeQ S_000001_000
LDvqjCxXIII8J2oeQGEFkCVQyJIMWfgeQAvbjCRz2KI8FR4eQ S_000001_000
Lv6ejCNMpEIMRxOdQwkSjCRgPHIcr97cQ/R4jCdteDIMsVAdQ S_000001_000
L447jC1Lt5HM7ZQeQJB4jCxBHyHM7ZQeQgRakClHr6HM7ZQeQ S_000001_000
LtbkiCNsB4H820rdQD2WiC5n/4H8hpQdQgKmiCJibwH8bSvdQ S_000001_000
LlECiCJXqQI8/2meQnSkhCBaxPIsOqneQhvJiCFZXQI8MTJeQ S_000001_000
LapdjC9HnTIsVSweQdzxjChU7QIMI4neQlemjCJVwWI8oMheQ S_000001_000
LD/ZiCd23aIMnIRfQ6hsiCV46dIMnIRfQFv9hCpkWcIMnIRfQ S_000001_000
LhURjCNg6UIsG+GgQfGvjCVdzVIMfkGgQkpJjCNeNVIMAwVgQ S_000001_000
Lrv1hCZv9RI8bQCgQXNkhCZ20OIsGFCgQ2WlhC1diUIMAGKgQ S_000001_000
LDa5iC5AtKI8lqjfQDa5iCtSOJIsj6/fQDa5iCB/pHI8uHRfQ S_000001_000
SCORE:   352.454    -26.361    352.935           0.352          1.475                   -0.015    -59.701      2.625     11.000          9.134              0.000              1.893     -19.955        -1.617           16.848            -0.227            -1.635     -18.336     39.520        -2.000            0.000      36.800         0.000         9.719                0.000 12368.360          4      0.721       6.877    S_000002_000
RES_NUM R:133-137 R:181-182 R:186-187 R:189-190 R:1001-1002 R:1005-1009 w:1001-1007 S_000002_000
FOLD_TREE  EDGE 1 5 -1  JEDGE 1 10 2 C4 C2  INTRA_RES_STUB  JEDGE 1 6 4 C4 C4  INTRA_RES_STUB  EDGE 6 7 -1  EDGE 10 11 -1  JEDGE 11 9 1 C2 C4  INTRA_RES_STUB  JEDGE 9 12 3 C4 MG  INTRA_RES_STUB  JEDGE 12 14 5 MG O  INTRA_RES_STUB  JEDGE 12 15 6 MG O  INTRA_RES_STUB  JEDGE 12 16 7 MG O  INTRA_RES_STUB  JEDGE 12 17 8 MG O  INTRA_RES_STUB  JEDGE 12 18 9 MG O  INTRA_RES_STUB  JEDGE 12 19 10 MG O  INTRA_RES_STUB  EDGE 9 8 -1  EDGE 12 13 -1  JEDGE 13 20 11 MG O  INTRA_RES_STUB  JEDGE 13 21 12 MG O  INTRA_RES_STUB  JEDGE 13 22 13 MG O  INTRA_RES_STUB  JEDGE 13 23 14 MG O  INTRA_RES_STUB  JEDGE 13 24 15 MG O  INTRA_RES_STUB  JEDGE 13 25 16 MG O  INTRA_RES_STUB  S_000002_000
RT 0.525558 -0.830129 -0.186214 -0.837917 -0.542959 0.0555906 -0.147254 0.126816 -0.980935 -3.68976 -4.69887 6.73067   S_000002_000
RT -0.797144 0.590299 -0.126921 0.600152 0.751602 -0.273699 -0.06617 -0.29435 -0.953404 7.97897 -2.85667 -3.37853   S_000002_000
RT 0.0553819 -0.834488 0.548236 0.137248 -0.537504 -0.832017 0.988987 0.121323 0.084764 2.8484 9.82942 -4.7471   S_000002_000
RT 0.535963 0.594764 -0.599165 0.740279 -0.67228 -0.00515027 -0.40587 -0.440789 -0.800609 2.56014 -10.2489 -10.4662   S_000002_000
RT 0.636459 -0.720088 -0.276393 -0.141237 0.243479 -0.959568 0.758269 0.649763 0.0532615 -2.1 7.31559e-15 -4.3799e-15   S_000002_000
RT 0.790796 0.612079 2.34673e-15 -0.525153 0.678489 0.51368 0.314413 -0.406217 0.857982 -1.27898e-14 1.80176 -1.07873   S_000002_000
RT 0.702775 0.655525 0.276393 -0.164003 -0.228764 0.959568 0.69225 -0.71969 -0.0532615 8.07794e-28 -1.07873 -1.80176   S_000002_000
RT -0.612079 0.790796 3.03193e-15 -0.678489 -0.525153 0.51368 0.406217 0.314413 0.857982 2.1 -9.14055e-15 1.33174e-15   S_000002_000
RT -0.790796 -0.612079 2.34673e-15 0.525153 -0.678489 0.51368 -0.314413 0.406217 0.857982 -1.42109e-15 -1.80176 1.07873   S_000002_000
RT -0.688112 -0.708808 0.155218 -0.0961191 0.301073 0.948745 -0.71921 0.637923 -0.275302 -1.42109e-14 1.07873 1.80176   S_000002_000
RT -0.556627 0.660044 0.504489 -0.723201 -0.683829 0.0967395 0.408836 -0.310999 0.857982 1.96348 -0.139654 -0.731613   S_000002_000
RT 0.933581 0.322506 -0.156255 -0.173369 0.788053 0.590691 0.313639 -0.524368 0.791624 -0.429245 1.47359 -1.43328   S_000002_000
RT -0.9168 -0.343071 -0.204402 -0.381591 0.601658 0.701709 -0.117756 0.721325 -0.682513 0.608695 1.48964 1.34924   S_000002_000
RT 0.365212 -0.911676 -0.188326 0.0700321 -0.174821 0.982107 -0.928287 -0.371865 -6.51044e-16 -1.96348 0.139654 0.731613   S_000002_000
RT -0.903503 -0.37991 -0.198371 0.303297 -0.893798 0.330356 -0.302809 0.238312 0.922775 0.429245 -1.47359 1.43328   S_000002_000
RT 0.965109 0.128332 0.228245 0.0609457 -0.957819 0.280836 0.254657 -0.257127 -0.932221 -0.608695 -1.48964 -1.34924   S_000002_000
ANNOTATED_SEQUENCE: a[RAD:Virtual_Phosphate:BlockStackBelow]guac[RCY:BlockStackAbove]g[RGU:Virtual_Phosphate:BlockStackBelow]ua[RAD:Virtual_Phosphate]ac[RCY:Virtual_Phosphate:BlockStackBelow]u[URA:BlockStackAbove]Z[MG]Z[MG]wwwwwwwww[HOH:VirtualWater]www S_000002_000
LFD+gC5lueH8w1HlQAA8gCZQgcHssdwkQe+ehCd9oZHs8SVlQBWBhC9RhrH857JlQb8+gC5OfwHsvfelQGE0gCd8S8HsmZclQQgJgCtco9HcepTlQMdPhC99TBIMZ7MlQMI4hCd+eCI8HFWlQDCIgCtdeDIMCsGlQR2ygC9TNGIcxgKlQHaxgCdnPJIsWkdlQjXyeCNHaKI8Mz8jQRL6eC1h2MIMpwPkQktTfC99zKI8hWikQ+TlfCpEjFIMuegkQlYgfCtyhCIMAAOkQNzEfCd9IFIs8S7jQiW8eClYwCIsSMojQ3k4fC14l6H8NJSkQBWFgCBVj6Hc6mmkQWOAgC14FCIsmZwkQuzogCZa6sH8GAnlQejahCh6tvHcIwllQJQmcCRfm7HsYupkQVC/bCJj1EI88XbkQ950gCtwl/HcEoqlQ/+ShCtRg+HMYs/kQwthfCdU0FI8AnLlQWa7gChkZIIszO+kQ0sNhCZULJI8OUklQkGreCRHqQIMACQkQsJpeCBL1EIMtxbjQ5QJfCBY49Hc3omjQJBPgC9SJ0HclQukQ S_000002_000
LJGgiCtxrDI8jCHlQyLhiCZPK/HMAA2kQGEEjCVNeEIcy2VlQ5lWiChALJIMCs6kQIwWiCdTCOIMAAGlQmuBiC1MTSIM/p4kQKxYhChpbQIsX6wkQBWZiC9owTIcjXkkQMd7iCFCMXIsCXpkQT3QhCJwqSI81jckQXk1hCBAgWIcMIYkQueshC1NpbIsBBgkQv0pgClYQPIMsyPjQW5ogCVj3TIs/UbjQSMcgCZkNYIcjXQjQiW0gC1NJUI8isvjQ9oAhC9SXPIMpw3jQY6ChCxggKI8fqtjQIF2gCFsSKIMDCYjQ+T1gClBhGI8OfLjQNeRhChrnGIckt7jQepXhCJwKJIMsyNkQmuNhCxggOI8kYMkQeLHiC5RkNIMaeTlQLa0iCpYCPIcqLJlQOH9hCBheVIM4jBlQnqjiCZPfQIMTedkQV71gCh7qUIM7JdkQ5i7hC54mWIsFvIkQP7xhCRhReI8XtUkQLWhgCdTcPIMxtAjQEPbgC1atbIMycXjQS4TgCZV5XI8tTBjQ8CihCZNbHIMb1akQ S_000002_000
LmZijC57HYIsQgZkQzhujCFDCTIcc9OkQsHBkCtxLbIMCsmkQJGQjC557bIsQgHkQ7RFjCd8ShI8kYMkQQg1iC5O/jIMXP4jQMdPiCh/UhIcIwwjQb8SjCxKnjI8jCljQEY1jCRLSnIMoamjQsyNiCxLdhIMXPajQktziCpw1kIMtITjQf/oiCd8SqIcGESjQQgNiC56xbIstzRjQNeBiChWEbIsU48iQ673hChVueI8gAxiQZ7AiCJE4VIs++1iQktLiCRKcRIs++BjQy2JiC1NJNIs8S5iQbnXiCVjXSIstzXjQGEYiCpvfXI84lejQi7uiCdHUhIMoYXkQMqejCxgIjIsN7RkQ2luiCJJunIc4g7jQ4GejCle9fIct8jjQ/LzhCtBMjIczoVjQOV+iC5qjjI8sTFjQ5VCjCxwbsI8pkVjQkE4hC1QSVIMmIniQK+eiCpvWPIMaJhjQaLgiCRwLYIMHetjQ S_000002_000
LU4ikChWklIsX6cjQOJukCFtIgI857jjQxgAlCx1DqIsQghjQW5YkCNyWlIcJGEjQTiRkCJFOqIsoF5iQU4GkCZPKpI857hiQcSgjCxgAmI8xLhiQ8nmkClYwlIMYlViQ7RJlClYwoIcktNiQLyijCR2OiIMueQiQpbKkCVMojIMmuDiQ9oAkCNyWnI8LdzhQmuRjCNzsOIsED+hQnvPjChrHTI8hWyhQHvUjCZPKYIsDt4hQKxcjCVOUYIsnvNiQ67fjCZ6GUIstzbiQdoZjC5O/OIsuJTiQShbjC98dKIc3keiQfUojCR14VIMUNwiQ2jqjCxKHbIcy2tiQVjjjC1MzcI8LdZiQ5r5jCdJHsI8H6/iQMRrkCZjcsIM695iQ8LCkCBelsIsPraiQKXxkCdA6iIct7eiQUdJjChxliIs1UHiQtiWkCduYgIM0T9hQ5XZkCV0spIMJQxhQU3JjCx4oSIcJEjhQvHXjClcAHIsTiXiQ7PhjCNXnKI8l+tiQMTwjCFOkdI8Lw5iQ S_000002_000
LEt4lCpwVmI8KHOiQiWAmCpFZjIcJGiiQNzUmCJaxqIs8SHiQ033lCR14hIstz7hQqxzlCpFZjI8z3lhQFuilCRhreIs/UZhQzM/kCZ5QcIMQ1khQXkBmCx1DaIsYQWhQ++dmCd9IbI80NFhQXk9kC9owWI8cofhQ78hlCx0tVIMAAQhQY6SlCJaRWI8Gv6gQbn/kCxLdTIcKczhQ+T1kCtyBOIsnvxhQVjrkChVOMIs78fhQCs2kCFZ7KI8OfDiQQgBlC9mENIcdTWiQdTClCFu+JIsTiniQZQMlCtHlSIcgVYiQtdKlCxKnVIsDtGiQROomCtqXNIscU6hQBIglCd2bmIM4zkhQm5PmClkdkIMmaghQufYlCVG9fIMwaLhQ4fRmC5HeZIcZjjhQjOikCpUEWIM9eYhQc7tlC9DJSIcvUShQ36mlC9IhYIcurygQTLKlC93fLIMJc1iQ/B7kChXLGIc2WmiQznUlCRrGUIcqKmiQEwRlC1YaZIcmyHiQ S_000002_000
LjXCjCJbnCHcf/SiQnE7iCZ6mKHc14jiQGEgiC1Mz6Gs78NiQcSMjC13PJHc149hQgqVjCtz3DHsArqhQqxrjC5OfLHMEYbhQU4SkC5OfPH8jClhQb8SjCpZmVHMVjVhQOJ2iCRKcTHMW5EhQWOYkCNHaaHc5QfhQDX3jChWkcH825NhQDCIkCBBWZHs++5gQGZrkCJwKAIMQ16hQ1NxkClCX8Hc0imhQOJ+kCFXvBIMv0XhQzMrkC9TNyHs8ShhQpwdkC5QLsHcGEyhQIwWkCBBWvHM/pGiQgqdkCFXP6Hs++LiQmuZkC5lu+H8LddiQNeJkCJv0mHMtITiQc9IkClDteHMUNGiQxgUkCNHahHMpwxhQRSojCFtw9Gc7xthQq76iC5OQBH8WWkhQWD6lC1JahHsUYNiQtwLmC5PhwHstiDiQ+BzjCJInHH8tOOhQHtDjCxRMYH8MOihQhE1kChSLbHMXTZhQuJvjCpqIkHseiNhQjYOkCRwtfHcZaxgQDWxkCRM+DI8GL9hQwMDlC9olAIctCJhQ8iClCRXfFI8VzbhQRuAkC5IeXHcAoKiQ S_000002_000
L5EKiCZfYZH8DTBhQH44hCJC7cHsu7VhQJ/whC528SHMX4xgQu7XiC9qRkHc2h1gQceriCh2zjH8PBhgQ/NyiCteEvHcqRZgQmpJjCBfw0HcOqpgQkiJiCFeU1Hs0pVgQHdPiCF+z8H8gPFgQwIyiCl8n9Hs7hwgQt/DiCBv96HsnDrgQDSrhCpJMCIcK2pgQPw3iCFws+Hc0MIhQU7EjCdhKEI86mQhQ30NjClP/HIcEiFhQkMIjCRAUEIMZkmhQr4+iCR/HAIcTL0hQu2CjC1HtAIcshHiQJFxiCd1g2HMUTqhQgPuiCdDG2HM+AVhQ+1GjCFzBgHs+NigQ9uYiC9f3fHsGPXgQJ+CjC1W3uHMTCMgQAYyhC94WwHs2CSgQFQ6iC9rJCIsuXpgQIQ4hCF/I2HcV71gQnsQhC1haBI8UHigQB7RjCdSsHIsw1shQV5piCFsRwHcnGzhQ3tkiC5MYvHs4gOhQ S_000002_000
L8Z6kCFFvTI8S/ieQf2gkCln2PI8htJeQVAukCR2dZIsrWjeQ5y7kCJMsRIMJRTfQ78UlCJsXUIMZcyfQGaXlCFuORIMdyNgQ88rlClUHMIML6JgQI0skCFTwPIs3+XgQgUakCJYBUIs3tjgQ7WblCphTIIMrJYgQ9d4kCpJ8KIsyslgQ1ZKlCRCjMI8Kk5gQpVdkCJlcqHcbXbgQhPqkC5KPxH8boqgQuF6kCVxE7HMoqogQIT8kCdt79HM28TgQ1RwkCJp13HMDgCgQfAgkCVHktHcOuGgQhHTkCtzymH89BvfQ8J3kC5Ba9HsfLffQ36GlC9vSDIsE3rfQW6KlC5duDI8bvLgQ58xlCdB4UI8QMnfQBSIlCBK4XI85U4fQLdolChMQTI8PLYgQR1YkC90nOIc/wMgQ5pylCtZGHIMsehgQp7fkCB+iII8qsngQVB6kC9e6KIMBOFhQgpnkClvluH8wV5gQsCIkCFUufH8842fQzwUkClY4oHMn2QfQQGPlCh6JGIsrBYfQ S_000002_000
LNLsjC5FVWIMNGdgQDtbjCpaETIcSCLgQI/vjCp1NcIcOragQr2OjCxxJVIsZlxgQ++liCtd+SI8FZxgQ7RFiCpbSXIcep1gQBWJiCtcIZIcbnLhQ35XhCJaRVI84lygQWOIhCZm5WIMDCegQQ1ghC14FZIcGEWhQGZ/gCpF5XI8a8EhQT3sgC13vcIcPK+gQx1fhC1jiFI84l0hQaRahCdRWHIM8nghQzhahCVjXMI8FZZhQXkhhC9n6PI80NphQcSohCtcoOIcgV+hQqGnhCJwKJI8HFEiQW5shCFueHI8HFYiQjXuhC1iMTI8kYKiQuzrhC57HXIMCs8hQDCkhClsdVI8bSohQJqgiC9WWRIM1XjgQeEkiClGNQIccb8gQXmKiCB0SaIM87rgQ6pXhCxRXRIsY6zgQknbhCJPqcIMpCchQ7NqgCNecVI8ZHLhQ74jgCFwYcIMdNvgQTTVhCJhlEI8NxVhQsyrhCtWpDI8UVbiQmNyhClUEKIMQjjiQQ8uhClA5aIcLxAiQ S_000002_000
LCsCdChrHNI8yhKhQ1NpcCJbnIIsDtYhQO0KcCRf/OIciB5gQJbXdCBqGSIMnEZhQFuudClX6WIciBPhQbnXeCVNeaIMBWfhQIwqfC12ZYIMW5khQ67ndChrnaIcjX0hQf/kcChUYeIsoFzhQ7R5fChVOZI8d+6hQUNueCVNecIM7RDiQBr8eCxL9hI80NBiQ8S/fCZ78TIcNeFiQT3MgCJaxTIMCsaiQpwVgCRK8XIcxgkiQDXPgCBr8OIcMIkiQKcFgC9RhKIc2OZiQNzIgChp7FIMmujiQ67vfCBqmKIMVjDiQb8qfCR1YPI8eU6hQsvWeC97HWIcyXDhQCX7cC5NmYIMDEJhQF1phCh7AOIsyH/hQBXeeCxRDeIMgMZhQUsRdCxyCXIMXk3hQVKXgClgObI8XW9hQkIieCx9dbI8KISiQhRGeCdyvjIc7J+hQS7BgCl4jCIsBhciQdJSgCRg6FIcqsyiQdBifCJnSHIc/67hQjlYfC9InPIcUXrhQ S_000002_000
LlDNbCRgVdI8xL/hQKx4aCFDiXIMtI/hQ1NRaCFZbhIczM3hQpbibCpbyeIMShXiQY62bCNzMkIMQ1ciQbnPcChpbkI8NJ0iQ+TddCVjXhIMSh3iQBWRbC1NphI8a8CjQSMIaC5P1kIM+THjQ8nadC989eIsBBMjQvJJcCR14gIspbWjQjXacC5QrlIMZ7gjQQ1gdCBqGZIMaRKjQ3k4dCNdTWIcgVcjQtdGeCBWZYIMmutjQXk9dCV46QIMEYZjQDXvdCdSMOIcxgGjQe+2dCRgVJIMRLGjQ5lWdClCXRIssd0iQSMQdCd9oWIMtI3iQSYWaC5yRSI8RHWjQQbmcC1sZlIcwyTiQb4EbC5ddmI8nFaiQDLacChqKoI8MF4iQTe/aCFUQeI89d8iQKzLeC5URgI8JQUjQ5rwbCRWQeIsZTgjQucnbC1l9nI8wSgjQitMeCx4xOI8s8ljQk7KdCtxpPIcnpmiQoL/cCxRzYIsKyqiQ S_000002_000
LYlHjC9mECIcgVKeQYlnjC9mECIcgVKeQYlHjC9mEGIcgVKeQYlHjC9mECIcgVqdQYlniC9mECIcgVKeQYlHjC1NJ8HcgVKeQYlHjC9mECIcgVqeQ S_000002_000
LjspiCpbySIsmZafQL+hiC1LnWIMSuffQx+AjChH9TIsKiGfQhP+iC1z5SIMl6yfQ7axiChr9OI86EVfQVaSiCxvnRIsCRufQlJViCdDrSIMo4BfQ S_000002_000
LLyKkC9mECIcgVKeQ3RekC5vBEIsXo4dQ5PbkCNnHBIc6AjeQ S_000002_000
LYlHjCVNeKIcgVKeQnzfjCdM0MIcgVKeQJXviCdM0MIcgVKeQ S_000002_000
LYlHjC9mECIMtIHdQEHdjCZO+DIMih3cQ9vuiCRQPCIcZQ1cQ S_000002_000
LlYEiC9mECIcgVKeQsoxhC1YGFIcgVKeQsoxhCFqF+HcgVKeQ S_000002_000
LYlHjCBBWzHcgVKeQJXviC1CquHcgVKeQnzfjC1CquHcgVKeQ S_000002_000
LYlHjC9mECIsTiNfQcgyiCVS+AI8w8hfQt4hjCFyFCIc7OdfQ S_000002_000
LXeZiCVa0aIMCllfQOBsiCNc3dIMCllfQZO9hChITcIMCllfQ S_000002_000
LBmajCZRPVIclrweQdMljCV28SI8phaeQaFtjCJjSYIMv+veQ S_000002_000
L+1UjCR7BTIsO8GgQLCbjC5g/VIMyIQgQnumjC5+MQI85GMgQ S_000002_000
Lv65iC9cwKIMLOPfQv65iCJbtHI8BxhfQv65iCxuRJIcN+yeQ S_000002_000
LFz4hC9lVQI8zDCgQmdqhChBeSIcekMgQDfkhClJoNIsiq8fQ S_000002_000
LHj+hCF8iSIMw6meQFSCiCdT5PIMaIReQLAhhCVvhTI8sAleQ S_000002_000
SCORE:   351.342    -31.924    351.960           0.452          4.820                    2.925    -59.212      3.321      6.000         13.486              0.000              2.234     -23.499        -2.033           16.921            -0.226            -0.810     -20.375     50.440         0.000            0.000      36.800         0.000         0.000                0.063 11176.980          1      0.843       0.843    S_000003_000
RES_NUM R:133-137 R:181-187 R:189-190 R:1001-1002 R:1005-1009 w:1001-1007 S_000003_000
FOLD_TREE  EDGE 1 5 -1  JEDGE 1 13 2 C4 C2  INTRA_RES_STUB  JEDGE 1 6 4 C4 C4  INTRA_RES_STUB  EDGE 6 8 -1  EDGE 13 14 -1  JEDGE 14 12 1 C2 C4  INTRA_RES_STUB  JEDGE 12 15 3 C4 MG  INTRA_RES_STUB  JEDGE 15 17 5 MG O  INTRA_RES_STUB  JEDGE 15 18 6 MG O  INTRA_RES_STUB  JEDGE 15 19 7 MG O  INTRA_RES_STUB  JEDGE 15 20 8 MG O  INTRA_RES_STUB  JEDGE 15 21 9 MG O  INTRA_RES_STUB  JEDGE 15 22 10 MG O  INTRA_RES_STUB  EDGE 15 16 -1  JEDGE 16 23 11 MG O  INTRA_RES_STUB  JEDGE 16 24 12 MG O  INTRA_RES_STUB  JEDGE 16 25 13 MG O  INTRA_RES_STUB  JEDGE 16 26 14 MG O  INTRA_RES_STUB  JEDGE 16 27 15 MG O  INTRA_RES_STUB  JEDGE 16 28 16 MG O  INTRA_RES_STUB  EDGE 12 9 -1  S_000003_000
RT 0.525558 -0.830129 -0.186214 -0.837917 -0.542959 0.0555906 -0.147254 0.126816 -0.980935 -3.68976 -4.69887 6.73067   S_000003_000
RT -0.797144 0.590299 -0.126921 0.600152 0.751602 -0.273699 -0.06617 -0.29435 -0.953404 7.97897 -2.85667 -3.37853   S_000003_000
RT 0.537258 -0.621033 -0.570677 -0.314888 -0.775394 0.547366 -0.782432 -0.114377 -0.612142 2.8484 9.82942 -4.7471   S_000003_000
RT 0.535963 0.594764 -0.599165 0.740279 -0.67228 -0.00515027 -0.40587 -0.440789 -0.800609 2.56014 -10.2489 -10.4662   S_000003_000
RT 0.612079 -0.790796 1.08108e-14 0.39094 0.302589 0.869256 -0.687405 -0.532054 0.494362 -2.1 -2.16493e-15 -9.99201e-16   S_000003_000
RT 7.54952e-15 -3.13638e-15 1 -0.989993 -0.141114 7.07767e-15 0.141114 -0.989993 -4.21885e-15 -4.16334e-15 1.03816 -1.82544   S_000003_000
RT 0.589157 -0.207934 -0.780806 0.754322 -0.204851 0.623727 -0.289643 -0.956452 0.0361598 -1.20182e-14 -1.82544 -1.03816   S_000003_000
RT -0.612738 0.762137 0.209045 0.614506 0.625805 -0.480366 -0.496926 -0.165879 -0.851791 2.1 -4.94049e-15 -3.88578e-16   S_000003_000
RT -3.30291e-15 -3.42781e-15 1 0.989993 0.141114 3.71925e-15 -0.141114 0.989993 2.83107e-15 4.16334e-15 -1.03816 1.82544   S_000003_000
RT -0.790796 -0.612079 -1.47105e-15 -0.532054 0.687405 0.494362 -0.302589 0.39094 -0.869256 1.00198e-14 1.82544 1.03816   S_000003_000
RT -0.0354396 -0.647132 -0.761554 -0.813771 0.461023 -0.353886 0.580105 0.607189 -0.542955 -1.02912 1.8116 0.262694   S_000003_000
RT 0.86183 0.130738 0.490058 0.501023 -0.0691435 -0.862668 -0.0788989 0.989003 -0.125093 -0.890655 -0.758822 1.74382   S_000003_000
RT -0.366828 0.781619 0.504489 0.538217 0.620632 -0.57021 -0.758789 0.0623552 -0.648345 1.59926 0.74316 1.14021   S_000003_000
RT 0.0354396 0.647132 -0.761554 0.813771 -0.461023 -0.353886 -0.580105 -0.607189 -0.542955 1.02912 -1.8116 -0.262694   S_000003_000
RT -0.956239 -0.187301 -0.224779 -0.028271 0.8238 -0.566175 0.291218 -0.535044 -0.793045 0.890655 0.758822 -1.74382   S_000003_000
RT 0.97608 -0.108635 0.188326 -0.216796 -0.551522 0.805495 0.0163613 -0.827056 -0.561881 -1.59926 -0.74316 -1.14021   S_000003_000
ANNOTATED_SEQUENCE: a[RAD:Virtual_Phosphate:BlockStackBelow]guac[RCY:BlockStackAbove]g[RGU:Virtual_Phosphate:BlockStackBelow]ua[RAD:rna_cutpoint_lower]a[RAD:rna_cutpoint_upper]uaac[RCY:Virtual_Phosphate:BlockStackBelow]u[URA:BlockStackAbove]Z[MG]Z[MG]w[HOH:VirtualWater]w[HOH:VirtualWater]wwww[HOH:VirtualWater]w[HOH:VirtualWater]w[HOH:VirtualWater]ww[HOH:VirtualWater]ww S_000003_000
LFD+gC5lueH8w1HlQAA8gCZQgcHssdwkQe+ehCd9oZHs8SVlQBWBhC9RhrH857JlQb8+gC5OfwHsvfelQGE0gCd8S8HsmZclQQgJgCtco9HcepTlQMdPhC99TBIMZ7MlQMI4hCd+eCI8HFWlQDCIgCtdeDIMCsGlQR2ygC9TNGIcxgKlQHaxgCdnPJIsWkdlQjXyeCNHaKI8Mz8jQRL6eC1h2MIMpwPkQktTfC99zKI8hWikQ+TlfCpEjFIMuegkQlYgfCtyhCIMAAOkQNzEfCd9IFIs8S7jQiW8eClYwCIsSMojQ3k4fC14l6H8NJSkQBWFgCBVj6Hc6mmkQWOAgC14FCIsmZwkQuzogCZa6sH8GAnlQejahCh6tvHcIwllQJQmcCRfm7HsYupkQVC/bCJj1EI88XbkQ950gCtwl/HcEoqlQ/+ShCtRg+HMYs/kQwthfCdU0FI8AnLlQWa7gChkZIIszO+kQrXOhCdzgJIsRejlQkGreCRHqQIMACQkQsJpeCBL1EIMtxbjQ5QJfCBY49Hc3omjQJBPgC9SJ0HclQukQ S_000003_000
LJGgiCtxrDI8jCHlQyLhiCZPK/HMAA2kQGEEjCVNeEIcy2VlQ5lWiChALJIMCs6kQIwWiCdTCOIMAAGlQmuBiC1MTSIM/p4kQKxYhChpbQIsX6wkQBWZiC9owTIcjXkkQMd7iCFCMXIsCXpkQT3QhCJwqSI81jckQXk1hCBAgWIcMIYkQueshC1NpbIsBBgkQv0pgClYQPIMsyPjQW5ogCVj3TIs/UbjQSMcgCZkNYIcjXQjQiW0gC1NJUI8isvjQ9oAhC9SXPIMpw3jQY6ChCxggKI8fqtjQIF2gCFsSKIMDCYjQ+T1gClBhGI8OfLjQNeRhChrnGIckt7jQepXhCJwKJIMsyNkQmuNhCxggOI8kYMkQeLHiC5RkNIMaeTlQLa0iCpYCPIcqLJlQOH9hCBheVIM4jBlQnqjiCZPfQIMTedkQV71gCh7qUIM7JdkQ5i7hC54mWIsFvIkQCqxhC9TReIslqUkQLWhgCdTcPIMxtAjQEPbgC1atbIMycXjQS4TgCZV5XI8tTBjQ8CihCZNbHIMb1akQ S_000003_000
LmZijC57HYIsQgZkQzhujCFDCTIcc9OkQsHBkCtxLbIMCsmkQJGQjC557bIsQgHkQ7RFjCd8ShI8kYMkQQg1iC5O/jIMXP4jQMdPiCh/UhIcIwwjQb8SjCxKnjI8jCljQEY1jCRLSnIMoamjQsyNiCxLdhIMXPajQktziCpw1kIMtITjQf/oiCd8SqIcGESjQQgNiC56xbIstzRjQNeBiChWEbIsU48iQ673hChVueI8gAxiQZ7AiCJE4VIs++1iQktLiCRKcRIs++BjQy2JiC1NJNIs8S5iQbnXiCVjXSIstzXjQGEYiCpvfXI84lejQi7uiCdHUhIMoYXkQMqejCxgIjIsN7RkQ2luiCJJunIc4g7jQ4GejCle9fIct8jjQ/LzhCtBMjIczoVjQOV+iC5qjjI8sTFjQy3CjC13bsIs/YUjQkE4hC1QSVIMmIniQK+eiCpvWPIMaJhjQaLgiCRwLYIMHetjQ S_000003_000
LU4ikChWklIsX6cjQOJukCFtIgI857jjQxgAlCx1DqIsQghjQW5YkCNyWlIcJGEjQTiRkCJFOqIsoF5iQU4GkCZPKpI857hiQcSgjCxgAmI8xLhiQ8nmkClYwlIMYlViQ7RJlClYwoIcktNiQLyijCR2OiIMueQiQpbKkCVMojIMmuDiQ9oAkCNyWnI8LdzhQmuRjCNzsOIsED+hQnvPjChrHTI8hWyhQHvUjCZPKYIsDt4hQKxcjCVOUYIsnvNiQ67fjCZ6GUIstzbiQdoZjC5O/OIsuJTiQShbjC98dKIc3keiQfUojCR14VIMUNwiQ2jqjCxKHbIcy2tiQVjjjC1MzcI8LdZiQ5r5jCdJHsI8H6/iQMRrkCZjcsIM695iQ8LCkCBelsIsPraiQKXxkCdA6iIct7eiQUdJjChxliIs1UHiQtiWkCduYgIM0T9hQvuZkChdnpIsE5whQU3JjCx4oSIcJEjhQvHXjClcAHIsTiXiQ7PhjCNXnKI8l+tiQMTwjCFOkdI8Lw5iQ S_000003_000
LEt4lCpwVmI8KHOiQiWAmCpFZjIcJGiiQNzUmCJaxqIs8SHiQ033lCR14hIstz7hQqxzlCpFZjI8z3lhQFuilCRhreIs/UZhQzM/kCZ5QcIMQ1khQXkBmCx1DaIsYQWhQ++dmCd9IbI80NFhQXk9kC9owWI8cofhQ78hlCx0tVIMAAQhQY6SlCJaRWI8Gv6gQbn/kCxLdTIcKczhQ+T1kCtyBOIsnvxhQVjrkChVOMIs78fhQCs2kCFZ7KI8OfDiQQgBlC9mENIcdTWiQdTClCFu+JIsTiniQZQMlCtHlSIcgVYiQtdKlCxKnVIsDtGiQROomCtqXNIscU6hQBIglCd2bmIM4zkhQm5PmClkdkIMmaghQufYlCVG9fIMwaLhQ4fRmC5HeZIcZjjhQjOikCpUEWIM9eYhQc7tlC9DJSIcvUShQIoqlCtoaXIcRkxgQTLKlC93fLIMJc1iQ/B7kChXLGIc2WmiQznUlCRrGUIcqKmiQEwRlC1YaZIcmyHiQ S_000003_000
LjXCjCJbnCHcf/SiQnE7iCZ6mKHc14jiQGEgiC1Mz6Gs78NiQcSMjC13PJHc149hQgqVjCtz3DHsArqhQqxrjC5OfLHMEYbhQU4SkC5OfPH8jClhQb8SjCpZmVHMVjVhQOJ2iCRKcTHMW5EhQWOYkCNHaaHc5QfhQDX3jChWkcH825NhQDCIkCBBWZHs++5gQGZrkCJwKAIMQ16hQ1NxkClCX8Hc0imhQOJ+kCFXvBIMv0XhQzMrkC9TNyHs8ShhQpwdkC5QLsHcGEyhQIwWkCBBWvHM/pGiQgqdkCFXP6Hs++LiQmuZkC5lu+H8LddiQNeJkCJv0mHMtITiQc9IkClDteHMUNGiQxgUkCNHahHMpwxhQRSojCFtw9Gc7xthQq76iC5OQBH8WWkhQWD6lC1JahHsUYNiQtwLmC5PhwHstiDiQ+BzjCJInHH8tOOhQHtDjCxRMYH8MOihQhE1kChSLbHMXTZhQuJvjCpqIkHseiNhQAiVkCltgfHcjCzgQDWxkCRM+DI8GL9hQwMDlC9olAIctCJhQ8iClCRXfFI8VzbhQRuAkC5IeXHcAoKiQ S_000003_000
LN7HiCVhdYHsKtChQ1+4hCBTFcHMGuXhQSkuhCxSRRH8N00gQAcQiCRkVjHc3q1gQNptiCVuUjHMfPkgQlF2iC1IvuHsi8dgQBULjCty5zHsptvgQNYOiClLP1HsrfZgQ2gWiCVtw8HsdYJgQBL1iC5uH9HMQh1gQZWHiCFs06Hsc2ugQK4vhCBbNCIsYOtgQ+V4iCtbU+HM4RNhQLNDjCNADEI851VhQc+LjC1P5HIc43KhQUUEjCBkPEIsb2rhQYA7iCxJCAI8aW5hQx78iCJUqAIcRwMiQ2qviCROL2HcwTvhQU8uiC1rq1HsF/ZhQTLIjC9byfHMAtogQGEhiClgVfHMXTYgQnvIjCdJzuHMkWRgQMI3hCxUbwHsVQVgQ5/+iCNg1BIMQbugQI/5hCBbC2HcIU5gQCsThCNQbBIM9FngQqYMjCVSrHIMePyhQNnoiC9l5vHsnB4hQxFniCBC2uHMnXThQ S_000003_000
LPvXiCFII5HcXdhfQwzniCJd9tH82rffQA2tiClfzAIMApIfQSsmhCdgC5HMDgTfQ0jIhCdz6/HspenfQDuogCJPJCIM/sHfQvrNgCl0s7HsJB4eQfd7gCVDnEIsDWfeQEQKhCJh6JIcAkleQiJCgCd1w9H8wFNeQfkWgCx2LEI8gu/dQkguhCxhTMI8niGeQyNYhCFctOIsG7cdQH3wfCxgXIIML4FeQuR+fC1GcsHsVf3bQhUafCVMW1HceGHcQliefCJQZ5H82cucQfcHgCVbKzHM93HdQa9bgCxfypHsCe8cQANXgC94WmHMU4RcQdIpgCJ7edHcmSCcQD9xgClJilH8dHfdQzWqgCZPUsHsMK+dQ41QgCxhw0HsMWydQOK5gC1c67Hcan9fQ2yXhC1c8CIcV50fQgwWgC5H0EIs5BWfQmQThCJmYCIsWSVeQp3FfCVAX+H8gKLeQS2ggCBXDEI8RGidQixHgCtiqLIcCCNeQiC4eCxQe5Hs/pybQSqkgCF6fbHsSRkbQCu6gCpd8YHM/1UcQG21gCJfcrH8dJbeQ S_000003_000
LeWuhCJ3RMIcwuGeQcQJiCx0rHIMDQ5dQ09BiCdswQIsY7eeQEIYhCRlsOIM4GddQC4vhCFczRIssZ/cQTGjhCFWlQIMi5RcQW5HhCZS4LI8+6QcQebHiC1jOPI8IYzbQm8biC9j0TIM9cibQw9QhClIuIIc23sbQBOxhCVl0LIsmqRbQiZKhCRY2JIMBNleQCnahC9DDPIsI3zaQivshCZ94pHMllHbQG9ahCpx6xH8qexaQNuUhCZtC8HstJ9aQBRjhCRRu9HMBGlbQJR2hCBGS2HMav/bQz/6hC9J2rHc5nvbQrvMiCh21jHcboFcQ1KBiCpm56HMopmcQgt0hCNebCIMiticQGVihC9AkDIMA27bQozqhCtymVIsvIFdQ7ZOiCpfCRIc2/CdQHIThCltoTI8TYGcQXnciC18BNI8FcCcQc72gCBgFIIc1IcbQWYFiCBEaJIMHWDbQ0wthC9C2RIMoIpaQlIRhC9LFwHMtmUaQvKPiCFTucHsmr4bQzTXiCZmElHsTvicQRN4hCVZGFIsAb5cQ S_000003_000
LyBPjCB85TIsxicbQk3bjCRdbZIs+vQbQJEbjCxkXPIMeUAbQR9gjChMsSI8lQLcQTxAkCFu/VI8rBecQ6WmkChBxSIsU3tcQN41kCFDTPIMcAMcQTedkCld+OI8/4SdQWgekCBGjRIcnT7dQfWDlCNHaKIcFmccQ49/kCx9uKIMyWNdQOynlC9VfMI8GLedQ7pnkClRKGIswaKcQKXzkChx6AIMZSScQP3SlC1CZ/H8zFncQ6zYkCN5P6HMt0AcQMe0jCdwA8Hct0obQk5fjCRxT0H8UWbbQWVqjChdhDIcg+hbQaqDkChMTHIcDlybQu1KkCppkYIsPpIcQYN0jCdX8XI8GK2cQZS9kCN1OVIMEM2cQTUBkC1jUNI8N0OdQJJhlCx7tJIcTfUcQKM3kCBLTHIsztZdQOxilCdHUOIcDd5dQVhgkCN4wyH8uBGcQtCRjCdRhEI8iORbQcB8jCB0CLIMNetbQ S_000003_000
LHAGkCNqxOIMBXieQYg1jC97nJIMNdReQjjnjCVk1SI8B5yeQNjnkC5HeNIsXUHfQQq/kCpEnRI8H+afQGTMlCV+JQI8NCEgQflmlCN3XLI8dVDgQptnkCF17OIc2UTgQVAXkC9gkTIsoXdgQvjalC5O8HIcbIUgQG97kC1B/KIcV2igQpJUlC9mqNI8a0ygQRi0kCBqboHsUqigQXvHlCp45vH8KpugQJpQlClnC6Hcm2pgQDZDlC5Na8H867VgQtNvkCRIm1Hs8uHgQDpnkCFoErHchuOgQveUkCtynjH8BzCgQ/RmkCBy06HsQTpfQWB1kCxiQCIsRZvfQtEHlCZOBDIcufLgQFmZlCxgQSIssGKfQ6eukCRw4UIcBmbfQwXdlCFpFTI8DAKgQctQkCdmINI85cLgQbo0lCtqBHI8uCcgQZgmkCN7lIIM+IpgQiEHlCJUANIcF0AhQmeQlCdQltH8X+8gQwEQkCpLacHMVjIgQ+2KkCRmWlH8VkofQbTzkCVPFFIcyrZfQ S_000003_000
Lx1qjC1iwWI8QKdgQ46TjCtV3UIsOyJgQ4f2jCNgfcIsfJfgQO3OjC5lJVIMdpxgQ++liCtd+SI8FZxgQ7RFiCpbSXIcep1gQBWJiCtcIZIcbnLhQ35XhCJaRVI84lygQWOIhCZm5WIMDCegQQ1ghC14FZIcGEWhQGZ/gCpF5XI8a8EhQT3sgC13vcIcPK+gQx1fhC1jiFI84l0hQaRahCdRWHIM8nghQzhahCVjXMI8FZZhQXkhhC9n6PI80NphQcSohCtcoOIcgV+hQqGnhCJwKJI8HFEiQW5shCFueHI8HFYiQjXuhC1iMTI8kYKiQuzrhC57HXIMCs8hQDCkhClsdVI8bSohQqtgiCh2WRIslWjgQlAkiChvMQIc0Z8gQXmKiCB0SaIM87rgQ6pXhCxRXRIsY6zgQknbhCJPqcIMpCchQ7NqgCNecVI8ZHLhQQCUgCVTidIsnMHhQTTVhCJhlEI8NxVhQsyrhCtWpDI8UVbiQmNyhClUEKIMQjjiQQ8uhClA5aIcLxAiQ S_000003_000
LCsCdChrHNI8yhKhQ1NpcCJbnIIsDtYhQO0KcCRf/OIciB5gQJbXdCBqGSIMnEZhQFuudClX6WIciBPhQbnXeCVNeaIMBWfhQIwqfC12ZYIMW5khQ67ndChrnaIcjX0hQf/kcChUYeIsoFzhQ7R5fChVOZI8d+6hQUNueCVNecIM7RDiQBr8eCxL9hI80NBiQ8S/fCZ78TIcNeFiQT3MgCJaxTIMCsaiQpwVgCRK8XIcxgkiQDXPgCBr8OIcMIkiQKcFgC9RhKIc2OZiQNzIgChp7FIMmujiQ67vfCBqmKIMVjDiQb8qfCR1YPI8eU6hQsvWeC97HWIcyXDhQCX7cC5NmYIMDEJhQF1phCh7AOIsyH/hQBXeeCxRDeIMgMZhQUsRdCxyCXIMXk3hQVKXgClgObI8XW9hQkIieCx9dbI8KISiQ2cGeCBSvjIMV59hQS7BgCl4jCIsBhciQdJSgCRg6FIcqsyiQdBifCJnSHIc/67hQjlYfC9InPIcUXrhQ S_000003_000
LlDNbCRgVdI8xL/hQKx4aCFDiXIMtI/hQ1NRaCFZbhIczM3hQpbibCpbyeIMShXiQY62bCNzMkIMQ1ciQbnPcChpbkI8NJ0iQ+TddCVjXhIMSh3iQBWRbC1NphI8a8CjQSMIaC5P1kIM+THjQ8nadC989eIsBBMjQvJJcCR14gIspbWjQjXacC5QrlIMZ7gjQQ1gdCBqGZIMaRKjQ3k4dCNdTWIcgVcjQtdGeCBWZYIMmutjQXk9dCV46QIMEYZjQDXvdCdSMOIcxgGjQe+2dCRgVJIMRLGjQ5lWdClCXRIssd0iQSMQdCd9oWIMtI3iQSYWaC5yRSI8RHWjQQbmcC1sZlIcwyTiQb4EbC5ddmI8nFaiQDLacChqKoI8MF4iQTe/aCFUQeI89d8iQKzLeC5URgI8JQUjQ5rwbCRWQeIsZTgjQ5nlbC1nynIczuhjQitMeCx4xOI8s8ljQk7KdCtxpPIcnpmiQoL/cCxRzYIsKyqiQ S_000003_000
LYlHjC9mECIcgVKeQCZuiCJOXEI8lBDeQP+7iCZIjBI842neQgo3iCt5q9H8DZAeQuxgjCZ/j/H8apReQhMTjCdFmCI8H0sdQQiXjCBxTFI88RUeQ S_000003_000
LjspiCpbySIsmZafQaqYiCtz8RI8wJAfQJfEjCpO1SI8L7IfQ7vliCRpsWI8W+UfQsu6iClDoTIMcp0fQ95OiCpovSIMB4rfQLptiCFO4OIM20ffQ S_000003_000
LdrSiCtf4GIs4+6dQXtMiCBvnIIseWgdQQI7hCND1HIsADNeQ S_000003_000
LsMviCRT+AIceVIfQEe0iCRgHDI8SKhfQeUciCJvb8H8tGSfQ S_000003_000
LaFmiCRGj2Hc4c1dQr/WiC1Ol2HM8yadQSiTiCh2zyHM6sIeQ S_000003_000
LTf8jCVch6HMIsZeQbCPkClMy2HcGcGeQClLkC5kj6HcEW0eQ S_000003_000
LE+fjCl6KDIciVMdQssajCltBBI8tgzcQS2yjCRW7FIMTkCdQ S_000003_000
LWFpjCtq3IIcIOfeQ+fFkCRECJIcOlqeQCXfjChBgMIc2gfeQ S_000003_000
LP7FiCl0BRIc8RjeQNqnhCVSgQI8pIheQ5OQiCZhkQI82qGeQ S_000003_000
Li+hjCtT4SI8Ds1eQwq0jCle8PIMgjveQKsujCla3VIMnVneQ S_000003_000
L1ZhiCpEAbIcHAPfQEo5iCxDWdIcHAPfQmLJiCxDWdIcHAPfQ S_000003_000
L2dNjCxCjUIcowIgQ5urjCBlEVIsR1JgQNKDjC5VAVIMLEXgQ S_000003_000
LkaxhCpjsSIcJH/fQHMmhCVdOVI8rlJgQ1rYhCt28QIMuozfQ S_000003_000
LQ/xiCpykKIsFzlfQQ/xiC1whHIsOQTfQQ/xiChEGJIshBBgQ S_000003_000
SCORE:   351.693    -32.424    353.652           0.486          4.854                    2.134    -61.352      3.405      7.000         15.732              0.000              2.115     -24.626        -3.043           18.913            -1.730            -0.569     -20.161     50.440         0.000            0.000      36.800         0.000         0.000                0.066 11897.070          1      1.180       1.180    S_000004_000
RES_NUM R:133-137 R:181-187 R:189-190 R:1001-1002 R:1005-1009 w:1001-1007 S_000004_000
FOLD_TREE  EDGE 1 5 -1  JEDGE 1 13 2 C4 C2  INTRA_RES_STUB  JEDGE 1 6 4 C4 C4  INTRA_RES_STUB  EDGE 13 14 -1  JEDGE 14 12 1 C2 C4  INTRA_RES_STUB  JEDGE 12 15 3 C4 MG  INTRA_RES_STUB  JEDGE 15 17 5 MG O  INTRA_RES_STUB  JEDGE 15 18 6 MG O  INTRA_RES_STUB  JEDGE 15 19 7 MG O  INTRA_RES_STUB  JEDGE 15 20 8 MG O  INTRA_RES_STUB  JEDGE 15 21 9 MG O  INTRA_RES_STUB  JEDGE 15 22 10 MG O  INTRA_RES_STUB  EDGE 15 16 -1  JEDGE 16 23 11 MG O  INTRA_RES_STUB  JEDGE 16 24 12 MG O  INTRA_RES_STUB  JEDGE 16 25 13 MG O  INTRA_RES_STUB  JEDGE 16 26 14 MG O  INTRA_RES_STUB  JEDGE 16 27 15 MG O  INTRA_RES_STUB  JEDGE 16 28 16 MG O  INTRA_RES_STUB  EDGE 6 11 -1  S_000004_000
RT 0.525558 -0.830129 -0.186214 -0.837917 -0.542959 0.0555906 -0.147254 0.126816 -0.980935 -3.68976 -4.69887 6.73067   S_000004_000
RT -0.797144 0.590299 -0.126921 0.600152 0.751602 -0.273699 -0.06617 -0.29435 -0.953404 7.97897 -2.85667 -3.37853   S_000004_000
RT 0.628202 -0.521987 -0.576968 -0.134656 -0.803306 0.580143 -0.766309 -0.286755 -0.574927 2.8484 9.82942 -4.7471   S_000004_000
RT 0.535963 0.594764 -0.599165 0.740279 -0.67228 -0.00515027 -0.40587 -0.440789 -0.800609 2.56014 -10.2489 -10.4662   S_000004_000
RT 0.612079 -0.790796 2.35229e-15 0.567063 0.438909 -0.696993 0.551179 0.426615 0.717078 -2.1 -6.73073e-15 -2.92821e-15   S_000004_000
RT 8.95811e-15 -6.6197e-15 1 0.112271 0.993678 5.63438e-15 -0.993678 0.112271 9.63118e-15 -1.84037e-14 1.50586 1.46369   S_000004_000
RT 0.0616362 0.786212 -0.614875 0.28974 0.575424 0.764812 0.955119 -0.225294 -0.192331 1.49603e-14 1.46369 -1.50586   S_000004_000
RT -0.536029 0.800367 -0.268489 -0.801909 -0.383338 0.458251 0.263847 0.460939 0.847302 2.1 4.1217e-15 5.32907e-15   S_000004_000
RT -0.0321089 0.114583 -0.992895 0.999375 0.0183803 -0.0301973 0.0147896 -0.993244 -0.115101 3.59686e-14 -1.50586 -1.46369   S_000004_000
RT 0.412523 0.6992 0.583904 0.891709 -0.440982 -0.101928 0.186223 0.56272 -0.805399 3.19189e-16 -1.46369 1.50586   S_000004_000
RT 0.0307327 -0.637733 0.769644 0.932919 0.294689 0.206929 -0.358771 0.711656 0.60401 -1.09857 -0.709761 1.64298   S_000004_000
RT -0.384586 -0.760546 0.523128 -0.725603 0.599391 0.337982 -0.570609 -0.2496 -0.782372 -0.768684 1.92806 0.318937   S_000004_000
RT 0.924157 -0.14443 0.353656 -0.308472 0.263952 0.913879 -0.22534 -0.953661 0.19938 -1.61625 -0.434552 -1.26842   S_000004_000
RT -0.880334 0.0697035 -0.469205 0.263825 0.893989 -0.362187 0.394218 -0.442634 -0.805399 1.09857 0.709761 -1.64298   S_000004_000
RT 0.384586 0.760546 0.523128 0.725603 -0.599391 0.337982 0.570609 0.2496 -0.782372 0.768684 -1.92806 -0.318937   S_000004_000
RT -0.366828 0.781619 0.504489 0.575463 0.61674 -0.537098 -0.730944 0.0932921 -0.67603 1.61625 0.434552 1.26842   S_000004_000
ANNOTATED_SEQUENCE: a[RAD:Virtual_Phosphate:BlockStackBelow]guac[RCY:BlockStackAbove]g[RGU:Virtual_Phosphate:BlockStackBelow]uaaua[RAD:rna_cutpoint_lower]a[RAD:rna_cutpoint_upper]c[RCY:Virtual_Phosphate:BlockStackBelow]u[URA:BlockStackAbove]Z[MG]Z[MG]w[HOH:VirtualWater]w[HOH:VirtualWater]wwwww[HOH:VirtualWater]w[HOH:VirtualWater]www[HOH:VirtualWater]w S_000004_000
