SEQUENCE: gugugagagacuagacggcauaguccaagcauacZZwwwwwwwwwwwww
SCORE:     score     fa_atr     fa_rep    fa_intra_rep    lk_nonpolar    fa_elec_rna_phos_phos     mg_lig     mg_sol    hoh_ref    rna_torsion    suiteness_bonus    rna_sugar_close    fa_stack    stack_elec    geom_sol_fast    hbond_sr_bb_sc    hbond_lr_bb_sc    hbond_sc        ref    free_suite    free_2HOprime    intermol    other_pose    loop_close    linear_chainbreak    time    missing        rms    rms_fill description
REMARK BINARY SILENTFILE    FULL_MODEL_PARAMETERS  FULL_SEQUENCE gugugagagacuagacggcauaguccaagcauacZZwwwwwwwwwwwww  CONVENTIONAL_RES_CHAIN B:8-12,B:127-137,B:169-179,C:205-206,D:1-5,B:1-2,w:1001-1013  CUTPOINT_OPEN 5,16,27,29,34-49  DOCK_DOMAIN 1:1-36 2:37 3:38 4:39 5:40 6:41 7:42 8:43 9:44 10:45 11:46 12:47 13:48 14:49  EXTRA_MINIMIZE 31  FIXED_DOMAIN 1-28,30,34-36  INPUT_DOMAIN 1-28,30-31,34-36  SAMPLE 29,32-33,37-49  WORKING 1-49  RNA_TERMINAL 1,5-6,16-17,27,30  RNA_BLOCK_STACK_ABOVE 5,16,27  RNA_BLOCK_STACK_BELOW 1,6,17,30
SCORE:  1355.091    -79.680   1241.121           1.021          7.982                    6.602    -34.002      3.392      4.000         93.518              0.000              8.970     -60.819        -4.466           33.500            -2.814            -0.168     -27.664    123.080         0.000            0.000      41.400         0.000         0.000                0.116 13794.590          1      5.432       5.432    S_000001_000
RES_NUM B:8-12 B:127-137 B:169-179 C:205-206 D:1-5 B:1-2 w:1001-1012 S_000001_000
FOLD_TREE  EDGE 1 3 -1  EDGE 3 5 -1  JEDGE 3 34 4 C4 C2  INTRA_RES_STUB  JEDGE 1 30 5 C4 C2  INTRA_RES_STUB  JEDGE 5 36 7 C4 MG  INTRA_RES_STUB  JEDGE 36 17 3 MG C4  INTRA_RES_STUB  EDGE 17 22 -1  EDGE 22 27 -1  JEDGE 17 6 1 C4 C4  INTRA_RES_STUB  JEDGE 22 35 2 C4 MG  INTRA_RES_STUB  JEDGE 6 28 6 C4 C4  INTRA_RES_STUB  EDGE 6 16 -1  JEDGE 35 37 8 MG O  INTRA_RES_STUB  JEDGE 35 38 9 MG O  INTRA_RES_STUB  JEDGE 35 39 10 MG O  INTRA_RES_STUB  JEDGE 35 40 11 MG O  INTRA_RES_STUB  JEDGE 35 41 12 MG O  INTRA_RES_STUB  JEDGE 35 42 13 MG O  INTRA_RES_STUB  JEDGE 36 43 14 MG O  INTRA_RES_STUB  JEDGE 36 44 15 MG O  INTRA_RES_STUB  JEDGE 36 45 16 MG O  INTRA_RES_STUB  JEDGE 36 46 17 MG O  INTRA_RES_STUB  JEDGE 36 47 18 MG O  INTRA_RES_STUB  JEDGE 36 48 19 MG O  INTRA_RES_STUB  EDGE 28 29 -1  EDGE 30 33 -1  S_000001_000
RT 0.303181 -0.0618028 0.950927 -0.425812 -0.901515 0.0771689 0.852505 -0.428313 -0.299638 -10.2616 9.51442 11.2132   S_000001_000
RT -0.983009 -0.183478 -0.00542685 -0.0455982 0.215446 0.97545 -0.177805 0.959124 -0.220152 -7.3391 -10.1896 3.34368   S_000001_000
RT 0.711286 -0.63328 -0.305006 0.699729 0.679129 0.221729 0.0667219 -0.371134 0.926179 13.1287 2.91866 -0.0353105   S_000001_000
RT -0.640913 -0.717853 0.271879 -0.751054 0.659608 -0.0289026 -0.158586 -0.22272 -0.961897 0.12695 -1.00198 6.75575   S_000001_000
RT 0.828156 0.4533 -0.329661 0.455718 -0.886975 -0.0748035 -0.32631 -0.0882837 -0.941131 2.5143 -10.6731 -9.70851   S_000001_000
RT 0.778711 -0.627378 -0.00245707 -0.61736 -0.766962 0.175031 -0.111695 -0.134781 -0.98456 2.1962 9.6686 -8.26823   S_000001_000
RT 0.674012 -0.574414 0.464497 -0.0336538 0.604256 0.796079 -0.737954 -0.552199 0.387944 -3.46902 7.85576 11.4355   S_000001_000
RT 0.612079 -0.790796 -8.39606e-15 0.790796 0.612079 -1.19349e-15 6.10623e-15 -5.84949e-15 1 -2.1 2.33147e-15 -1.94289e-16   S_000001_000
RT 2.05391e-15 2.96985e-15 1 -0.612079 0.790796 -1.05471e-15 -0.790796 -0.612079 3.44169e-15 6.66134e-15 2.1 2.72005e-15   S_000001_000
RT 0.790796 0.612079 -2.498e-15 4.996e-15 -2.33147e-15 1 0.612079 -0.790796 -4.82947e-15 3.52496e-15 -1.39333e-14 -2.1   S_000001_000
RT -0.554877 0.734414 0.390829 0.00189554 -0.468667 0.883373 0.83193 0.490904 0.258661 2.1 -2.33147e-15 1.94289e-16   S_000001_000
RT -2.05391e-15 -2.96985e-15 1 0.612079 -0.790796 -1.05471e-15 0.790796 0.612079 3.44169e-15 -6.66134e-15 -2.1 -2.72005e-15   S_000001_000
RT -0.543501 0.450092 -0.708536 -0.714671 -0.690861 0.109343 -0.440286 0.565799 0.697151 -3.52496e-15 1.39333e-14 2.1   S_000001_000
RT 0.612079 -0.790796 2.05391e-15 0.790796 0.612079 6.39072e-15 -6.30052e-15 -2.2482e-15 1 -2.1 -2.16493e-15 -3.66374e-15   S_000001_000
RT 7.71605e-15 3.88578e-16 1 -0.612079 0.790796 4.41314e-15 -0.790796 -0.612079 6.38378e-15 -8.71525e-15 2.1 1.58207e-15   S_000001_000
RT -0.486751 0.147066 -0.861072 0.650355 0.719099 -0.244818 0.583191 -0.679168 -0.445667 1.4988e-14 -4.63518e-15 -2.1   S_000001_000
RT -0.612079 0.790796 2.05391e-15 -0.790796 -0.612079 6.39072e-15 6.30052e-15 2.2482e-15 1 2.1 2.16493e-15 3.66374e-15   S_000001_000
RT -7.71605e-15 -3.88578e-16 1 0.612079 -0.790796 4.41314e-15 0.790796 0.612079 6.38378e-15 8.71525e-15 -2.1 -1.58207e-15   S_000001_000
RT -0.790796 -0.612079 7.21645e-16 1.8735e-15 -1.22125e-15 1 -0.612079 0.790796 2.14412e-15 -1.4988e-14 4.63518e-15 2.1   S_000001_000
ANNOTATED_SEQUENCE: g[RGU:LowerRNA:Virtual_Phosphate:BlockStackBelow]ugug[RGU:BlockStackAbove]a[RAD:Virtual_Phosphate:BlockStackBelow]gagacuagac[RCY:BlockStackAbove]g[RGU:Virtual_Phosphate:BlockStackBelow]gcauagucca[RAD:UpperRNA:BlockStackAbove]a[RAD:Virtual_Phosphate]gc[RCY:LowerRNA:Virtual_Phosphate:BlockStackBelow]aua[RAD:rna_cutpoint_lower]c[RCY:rna_cutpoint_upper]Z[MG]Z[MG]w[HOH:VirtualWater]w[HOH:VirtualWater]w[HOH:VirtualWater]wwww[HOH:VirtualWater]w[HOH:VirtualWater]ww[HOH:VirtualWater]w[HOH:VirtualWater]w[HOH:VirtualWater] S_000001_000
CHAIN_ENDINGS  5 16 27 29 33 34 35 S_000001_000
LShDnCZ5AzK03PnnQYlnmChrnwKE99lnQlYMnChVO0KkmZ8nQZQwmCxgQ1K0coXnQx1DnC9m03K0bSWnQWOAnCFu+4K057/mQ/U/mCR142K0z3vmQhAXmCBAg6KEEY7mQCsWmCltD9K0xLFnQ/UnmC1Mz3Kk78dmQMIYmCR1o6KEnEjmQNz0mCJvk8KET3amQDCckC13P2KkAr0lQ5l2kCFCc4KE8n0lQDXrkCNIg6KkSMolQIFalC1hm4K0NJAmQamhlCJEY2KEAAMmQoFJlC14F0KkoFNmQtIjkCRK8zKkDtAmQyLJkCtHFyKUbn/lQJbblCNIQyK0d+amQ469lCRKczKU14hmQ67DmCZ781KkQgZmQJJinC9Oq3K0+FanQ101mCFHC5KkQcgnQLbgmCpcwxK0u+slQG62lCFvjzK0JSXlQYNZnClWH6K0eL9mQ9p+lCxzc5KkdiAnQzg6mCxM23KURjRmQHe7lCxf66KUaFdmQZG1mCx/H+KE+ckmQOaCkCVYU2K0nprlQtU9kCF9G8KEEtnlQ+NRkCRba6KEjkflQd0RmCZynyK0JFsmQ S_000001_000
LY6ylCNep9KkU4WnQv0llChWE7KECsgnQuzDmCNdz/KULyknQqxLlCNIw+KEQ1InQueMlClDdBLERLCnQPf3kC9S3BL04lsmQsy9kCRgl/KUIwemQqGHkC5kICLkrHtmQOJ6jCxfqELkDt0mQCBakCJbX/KkR2QmQYl7jCtIrBLknvVmQgVCkCd94DLkEDImQoFFkCd+u8K0JxUmQMIgjCNdD8KkZmJmQIwOjCR2e9KEXP8lQ99PjChWk5KkR2OmQfUgjClYw3K0fqdmQXPOjCBqm1KU0igmQFuGkC9Sn4K01jomQnEXkCxJB7KEv0jmQHRqlC9mDCL0DQBnQoW9kCl/iCLU3wMnQyYElCZUbDL00rlmQeI7jCNruALEtQ2mQzSjkClGf/K0E5BmQBDejCp+CBLUxLUmQpE8jC5liFL0v6PmQw91iC9rA5KE+THmQwWUkCxtc3Kk2KzmQ/ExkCp/k7KktUrmQ S_000001_000
LDXfjCZ5wELksdKnQXPujClBhCLEaRYnQxggjCFYlHLkBBSnQx1viChrHELUIwCnQU4aiCx1DGLEoa2mQ2j+hCFZrELkmZmmQSMQiCpFJCLEpwfmQWOUhCtduDLU2OvmQyL5gCNH6FLkZm1mQjXuhChArALUPKWmQc9EhCd9ICLktzbmQJb3gCpvvDLEueKmQHalgCZ5g3KUhrVmQKcZgCh/05KkrHLmQktrfC98t5K0d++lQzMvgC9SH8KksdMmQUNShCZP67Kk8SZmQ0ighC1is5KkmZkmQBWJhChqR3K0a8imQy2RhCtcI1Kk78rmQNeFiCJxQ6K0w1vmQ6mMiChqx8KUNermQhAvhCxf69KU46dmQHSwiCBUKHLUDGvmQXzJiCt/MHL0J4/mQc57hCBE0FLkgrZmQEeZhCtpjCLUnh7mQdNyhCZ8qAL0ImGmQRbugC1T3AL0+qfmQHmpgC1AXFL0xFQmQRbTgCJT71K0HwTmQzWYfCF/T7K0lO3lQVMLfCdHD4KUL39lQf5kiCZEy9KUPQxmQ S_000001_000
L46lgCFX/FLUKcNnQAAEhCVOkELkEDcnQiWYgCFDyILUy2RnQ2O3fCJFOELE/pKnQBr0eClYAFLkVO8mQb8CeCNdjCLkoF1mQmZ+eCJbnALkYQsmQGEYdCNz8ALEQ1GnQb8KcC5kICLE7RPnQbnfeCd++9KEpwvmQ2jKdC9oQ+KUbn7mQ6mEcCdSM+KUwKtmQ03ffChpb8KERL8mQBrUfC9Tt5K01j+mQZQYeChqh4KUIw2mQ7RJgC12Z4K0kYKnQT3sgC99j5KU14TnQjXGhCdSM4KUGEenQuewgC9na8KE/pQnQCsSgCx0t9KUzMFnQ3WOfCJO5FLknzvmQTbOeCZ5QGLUVgDnQU+ZdCliFDLUGBqmQzhAeC1ftAL0opSnQmrVeCFbG9KUf+hmQSNFdCp5y8K0W8FnQvaWbCRYU/KELyymQUkFgCpMe2KUaNMnQJoIhCx5Z9KEhyWnQ4CWgC1gp/KUgUDnQ S_000001_000
LaR2bC13vBLUjXonQMIIdC5PlBLU0i0nQsH1aCFsyDLktztnQYlLbCtH1+KEBWpnQ6m8ZCx1T+KkpbenQDXnZCdoV7K0jCdnQnvnaC5Q75KkDtQnQSMoZClBx5Kk78xnQtdeYCNHK6KkoF/nQXP6aCtIb3K0kYanQoFxZCZP62KkZmpnQmupYChqB2KUbndnQNz0eC5QbyKE+T9nQSModCxfaxKkBB2nQ14ddCZ5wuKEaR4nQpbqcCBW5yK0xLtnQnv/cChqh1KkVOsnQwfKeClst2KEnEznQGZLfChrH1KUjX8nQNzIgCVj31KkArBoQW5IeCNzc5K0IbvnQY6+cCJb35K01jmnQLyOcCFYl3K0NJknQuY7bCF8y4K0ETOoQCxkcCJTA1KkTDToQDNAaCBgB/KkC3PnQY8NZCNmN/K0VCmnQY+vYClEI7K0S3VnQ36aaCZDR6KE/O6nQWC8aCdWA2KkdkPnQei9ZCRjp1K09M1nQ2j1XC9Mz2KUNvjnQwydfCJkKxKk9xBoQ11ocCFK6tKEpbznQCPLeCNhrtKU7v+nQYArcC1xo7KUIEinQ S_000001_000
LwKHSCJEotKEUNAkQwfiRC5P1rKkArQkQ7RpRClDdtKknvpjQcSsTCFDStKUO0AkQJbfUCtznuKkWkxjQEtwVCFX/sKUbnvjQsHdVCJxQqKkCXpjQMdzWCZk9tK025fjQU4CYCtyRtKEqGpjQgq5VClYwpKUgVUjQfUgWCdRWsKUhrLjQU4qXCpGvrK025/iQVjXTC5kYhKEZ76iQuzfUCJwqhK0eUGjQmZGVCFZ7jKkmZMjQzMbUCNJGmK0LdFjQSMQTCtzHmK0co5iQQgtSCNymjKEXP0iQXklRC5PVjKEQ1oiQCB2SClstoKEEY1iQKxwTC55LqKE8n+iQ03vUCRfvoKUxgIjQK+qUCZScwKEho2jQHUAUCh9tuKk++jjQs2+RC5s/nK0lEtjQKZGSCx14jKk0VujQkgNWCl/8sK03i9jQthsWCJK5vK0QydjQhglWCFkWoKUOaUjQN01VCNvPtKkzpCjQa8bYCV7nsKETmGjQMN8UChvAgKEDzKjQD3PRCxsihK0ZbliQXhGRCN06kKkg5jiQR8vTCxYJsKkyZ+iQ S_000001_000
L67PZChWUvKEtInjQ5QrYCNc9xKEBWhjQqGHaClD9uK0bS6jQBWBaC1NJuKE/pSjQ99DbCZPqvKErcIjQU4SbC9S3uKUwKxiQKc1bCRhLsKUktviQoaEaCxf6uKE8niiQ78VaCZ6mwKEQ1QiQ35TbCNc9qKkuJdiQMI4ZCFu+rKkpbciQBrUZCNHqrKEv0HiQFu+ZCBAghK0bSEiQtdeZCtI7jKUbn9hQKxgYC1h2jKECsuhQc94ZC9RRmKEqGFiQJb3aCJxAmKUJGUiQMdbbC5QrjK0isbiQR2+aCBrMhKUbnTiQSMYbCpa8eKECsYiQmuZcCdSMkKEW5qiQRLacCd8ymKkSMsiQZQgbCZlDoKUc9eiQhm5bClcZvKktSQjQOx0aCR9jxKkczIjQDR8bCRoGwKEdyqiQEBTZClhjvKEXyqiQvNybCFAirK0HNQiQzLWZCpDBrK00IniQuN3YCtf7pKkCIHiQX2mZChO4fKU3z9hQ1mHYCtbhlK0gZphQ5vMYCdlIiKUWDphQCLAdCx1ynK0Nx1iQ S_000001_000
LWOMZCFCcyKkDtGiQc9gYC9n6zK0KHYiQiBxZCFu+zKECs0hQBrMYC98NwK0Ib9hQ4P1WC1iMwKUwKDiQUN+VClu5wKkEDwhQQgtWC1NZwKkpbchQ4PtUCFuOvK0w1thQEtoTCZ7MwKEZ76hQiB5VCFX/uKkqxNhQ+TdUCVMYvKEmuVhQ/U7TCpZ2xKk9oOhQCsiVCls9lK0KHmgQ1NBVCtcYoKU14hgQmuJVCNHqqKEW5sgQGZ7VCd8SqKUdT+gQLHiWCRh7nKUFuEhQWOUWCNHqlK0is3gQ+T1WC13PjKU147gQfUQXCx1ToKEEYXhQT3EXCdR2qKEsybhQwfSWCtILsKEBWNhQKyrWCBCgxKUloOiQw+lWCRWauKk+YIiQ3lvVCJnzyKE0vwhQeD6UCh3XtKkLvxhQqj+VCdvvvK0QX/gQ6+4TCxv5tKUN0QhQWnUTClTjyKUonZhQRsdUCR5foKEf/UgQ3kpWCNgvhK00RygQ/WZXCNJ/iKE2iIhQpKeXCRZurKUVUohQ S_000001_000
LMdLTC5OfuKEEYPiQDXXUCpa8tKkX6ciQuz/RCNJ2vKU6mYiQ/puSChArrK0FZFiQPffRCtzXrKkBB6hQDCkRC5kIpKEShphQqx7SCxLtoK04lihQtdGRCR1YmKkuJxhQGZrPC5kImKkBBwhQjXKTCdS8lKUzMfhQDC0RCltjkK03PhhQShLRCV4akK0jCNhQ8nCWC1MDeKU0i2hQqxLVCxgQeK0FZlhQueEVCBBGcKEW5YhQzheUCRKcgKkX6ghQNzsUCdSciKEqGvhQLHiVCRhbiKU6mAiQmuRWCNJGgKU2OFiQWOEXCFuufKUMIUiQ2OfVClC3kK00NLiQ1NpUChqRmKUJGAiQMIIUCRK8kK0JxuhQgBSRCFZDtK0rsyhQ3xxQCJ49qKUtQEiQlvBRCpDppKkmBdhQ0wZRCdHHmKUG5/hQ7vgTCtcrlKE7sQhQsH8RC9ewiKkuHnhQKOsRCR0NjKkEwDhQ+2gWCdcWcKkEh4hQ55dUCp+HcKkkhMhQTllVCVneaK0CFchQboZUCVqHoKEAtDiQ S_000001_000
Lmu5OCx1zjK0Gv8hQ35bPC55rjKEQ1SiQZ7cNCBAQkKU5Q5hQIFWPCNyGhKEQ1whQwKvOCxgQgKUzMdhQNeBPC9mUdKkU4YhQNzcQCZm5cK0GvWhQ5lmOClsdbKEW5qhQ03PNCpasaKUgVohQcS0QClXaaK0z3fhQ/UjPCpZGZK01johQueEPCJEIXKUgVahQ3kYUCluJWKEnERiQf/kTCNJGVKERLCiQhArSCV3UWKk781hQ03nSCls9YK0HF6hQc9YTCFYVaKET3IiQcSUUCltzYKkR2UiQAAIVCNJ2ZK0isjiQcSETChqBdKULyIiQlYISC5lOdKUPK6hQPK0RCBq2aK04lwhQK6FPCZqVhKEaaRhQMNxNCpBigKEEIehQvblOC5WzcK0veLhQm2uOCVGYcKUQo4hQm1MRC9DSZKU/mUhQZbxPCBCUYKEGf2hQcOuPCptqVK0YiZhQwVqTCNcKTKU75/hQZxvVCF5rYKEngriQYSGVCFFxbKUPxmiQOtsRCVQ7eKE8c2hQ S_000001_000
LPKUMCpvfaKklD9hQJbnMCVO0cKUf/KiQnE7KCxeEaKEmu1hQwK3MCNy2XKk9oIiQpbqMCVOUVKklD/hQuznNCdnPTKU46HiQ2O/OC55LUKknvHiQShbNCJahSKU5QfiQO0SMCJb3QKUNehiQe+uPC99jSKk++ViQe+uOCpEDRKU46jiQXktOC99TOKkYQeiQjXqQC5OPUK00NjiQc9wRCJaBTKE7RtiQ149RCdRmQKUiBriQgVmSCR0iUKk8S5iQqGXSC12JXK0Of7iQXkNTCx1jYK0LdHjQuzPRCpacYKkQgxiQShbQChA7WK0fqliQlNzMCFPeVK0OlvhQzkvLCdxuUKkwxBiQg3kNCR2oRKEP++hQJEVNC9dKUKkMrniQ3+PQCVxRRKk8fNiQqDAPCBBQRKkh6yiQfC9OC1PPNK0+xqiQXsETCl6eaK0ZeJjQ7b+TCF1qXKEzOOjQRzFRC1eXaKUIQziQWRqPChswXKU7qeiQ S_000001_000
LjXyLC1i8PK04l4iQUNGMCFYFSKkYQIjQ9oYKCNdDPK0251iQ78tMCFZbNK0259iQaReMCNe5LKEueQjQbnvNCx1jKKUJGYjQzM7OC99zLKEnEPjQ2O/NCJv0KK025vjQYlLNCBVDJK0fq7jQZQAQCVOkLKEpwdjQXkdPCV3EKKk8SxjQgVuPCFsSHKU0iwjQSMgQCpbSOKUGEkjQkCnRCpbiOK0IbxjQAAQSC9nqMKE/p4jQEY9RCVMIRKkVO2jQyLVRC55bTK03PvjQEtwRCVjnVKkX60jQPKMQC56BTKEVjhjQlD1PChqhQKE/pcjQLNzLCZEiKKkMONjQrRIMC9vENKEzvbjQ29uNC56rIK0jhTjQYtzNCF1qMKkOU0jQEnuQCFIhKKEaUXjQdo4PCNi2KK0CA+jQNRsQCZIAHKEKixjQGCvSCJRXRKU3m/jQLTsPChUkUKku9bjQnRDPCJ7RQKURWTjQ S_000001_000
LLymMChqBKKkVOSkQFuWNC5QbMKUzMZkQEtILCRKMKK0HFQkQCB+MCdRmHKU14hkQhrPOCVOUGKkoFhkQsyRPCRKsHK0xLvkQIF2PCx09JKEaRkkQFDyOCZ78IKUy2DlQepjOCNz8GKkZmTlQ99jQCtxbLK0w1zkQoa8PCpEzKKkZmJlQ5Q7QCJGkJKU0iWlQJGsSCdolUKUGEElQTi5SCluJSKkpbMlQGZTSCdR2PKEEYHlQKxYRCBrMQKEpw3kQ99DRCV3kSK0fqtkQW5wRCtz3UKErc0kQYljRCR0SXKEUNskQNzEQCtxLSKErcekQlD1PCxKnPKUbnfkQsHlQCdTSOKU0iukQXhkOClGVGKk6SSkQ4jJOCJadEKUd2lkQe0/PCV2aGKEnYykQnK9NC5a8JKUe9AlQL7eRCN2wKKEZbzkQsOoPCpNdMKEURQlQUmDRC97oKK0sejlQT6kTCtcCSKEsuXlQPgESClA1YKU/dxkQ5+4QChtiXKEI4gkQwbKPCBitOK0loWkQ S_000001_000
LJGcNCpwVHKEmullQoFZMCRhLJKUktdlQWOENCB/pEKUy2tlQMIQOCpZ2IKEDC4lQuzXPCZljHK0FZBmQ46RQCJGkJK0eUMmQpbiQC9S3LKkAr+lQDXvPCNzsKKU2OhmQaR2QChVuKKEYlvmQsyZQCFZLOKkCXLmQDXPPCNzcNK057ZmQ/UDPCBqWPKkmZqmQe+eNCZljSKkVOSlQ6mUNChUIQKEaRclQSMQMCRhrOKksdWlQgqJOCtxLPKklDrlQ5QLPChU4QKEqGvlQzMbPC5PVTKk++llQXPiOCVOUUKkYQWlQUNmOCxLdWKkmZMlQZ7kQClsdUKkmZulQuz/QC1isSKUPK8lQoaMQC5leQK0Of9lQe23PCJnnGKEiM2lQljDPCl5PGKUW7LmQ91IRCl5sIK0YePmQhHAPCZ6kJKUNQmmQWtMRC9niOKkBDUmQuoaOClYTNK08gRmQh5YOCxGrQK0qtlmQ+L0MCFsETKkKiHlQSrFMCp17MKkvHdlQdqoLCBAXPKEElLlQLizRCZg7SKEl0EmQ S_000001_000
Lb8yQC9RBMK0d+GnQ3kYPCJxQMK025NnQ3kwRCRLiKK0yhUnQEYVRCFX/OKU3kCnQSMoSCZQgPK0FZ5mQEYFTChUYSKUiB9mQVjfSCtILUKk/UtmQIFuSCJEoTK0yhSnQyLtTCpbiVKktzXnQY62RCR0SWKUgV4mQy2ZRCNIAVKEnENnQ03/QCV46WKEaRcnQdoFQCxggeKUdTQmQ/ULRCNeJeKkvfcmQf/kRCtx7bKU0immQCBuQClX6ZKkoFjmQ35jPCtd+ZKUiBXmQbnPPCRhbcKUzMNmQFDKOCFDycKEtIBmQ5Q7OCxJhXKkrHXmQyLtPCdTCWKkoFjmQ5QzQCNyWXKEQ1qmQFulSCdrKPKEF9pmQRKSTCRxSOK0Z2/mQaxDUCZsdSKEEj7mQ2eqSC1lNSKkYXdnQFVeSCBDxXK0ej7mQS+rQCFzsTKE7oKnQPjJQC9atXK0dpXnQMfwRCVitfK09TemQNq+NCt8heKEco6lQWZiNCdxSbK0Uw+lQOThPC5sJUKESQmmQ S_000001_000
LMIAVC9owUK0FZlnQXPqUCZ5gSKEv0znQ9oIWCNzcUK0kYWnQsHNVC12ZXKEVjznQc9IUC9SXYKErcAoQOJuTC98NbK0co7nQ5l2UCVNucKEVjznQDXnSC13fbKEQ1qnQPfXRCVihcKEsyznQ8SfUCpvPeKUHahnQGEQTCx09cKknvXnQpwdSCVN+eK025NnQPfnVCBVTeKEpwRnQiWsVCNJWgKUdTCnQT30UCVjHiKkZmBnQe+uWCV3UgKUdT0mQpbqXCZmZeKE7R1mQO0qYCVNeeKUzMnmQ/pmXCNdTcKULyEnQBrkWCdoVcKkvfSnQzO1UCxziaKEK8gmQ4gbUCdtTYKEv7HoQPDXTChrMXK0uH/nQ3gZTCVDFcK0YXEoQCucSCxIwZK0XOknQtcRUCZXEgKkgAmnQLQjTCxUtbKkZuMnQ66YSCVRleK06l+mQbNXZCJtFdKkqinmQDktYCBF6fKUricmQSnSYCpD6aKEzVFnQLggWClL7aKE3SdnQ S_000001_000
L5lGVCZQwrKU6mYnQ1NhUCNJWpKUO0inQAAQUCBBmtK0z3LnQ/UTWCV4qqKkYQKnQTiJXCVNesKUwK/mQy2RYCB/5qKUzM1mQwf6YCd+OpKEtIFnQ46xXCViBpK0z3jmQ++hYC9TdpKkrHRmQyLNZCxgwmKESh7mQY6+XClYQmKkWktmQ+TNYCNIQkKkEDemQZQQXCpv/hKULy8nQ35rWCBr8jKUMIwnQHvcVCpvvkKE+T1nQCsSXCltDlKUKcfnQjXiYC1jCkKEXPcnQPKMZCdRGiKU46nnQsyhYCRh7gK0fq5nQT38YCRKMfK0d+CoQlDdaCxKnhKEYlfnQ8niaCd+OjKk8SPnQ8naZCxJxkKEaRMnQo1fXC1/ytKkGSJnQTNoWCFOZtKkOH0mQNHVYC1nVeK03G5mQbbnWCFdMeKEnOMnQMY8YCxbKsKEBjvmQA70WCheWpKUWahmQRhAaCB9zmKUJhymQtPPXCZpwlKku92mQNiuXCRIoiK0aQimQjZuWCJGUhK0pZEoQrNAVCRiImKEl0snQ7M/UCVp8jKEYyAoQSNVbCxcWjKEEFGnQ S_000001_000
LsH9XCZ6WrK0Jx+lQQgNXCd9otK0NJImQf/EZCNJ2rKkqxvlQwf6WC1icpK0xLzlQJGkVCx1jpKET34lQoa0UCBrcnKU0islQfUQVC141kK0IbzlQf/UTCVNenK0JxwlQBrsSCNz8oKkvfglQ9oQUCtHFjKEDCslQx17SCtyhkKEv0vlQhADSCFX/jK0GvelQO0aSChWkZKkpbylQoFBSChrnbKkuJllQAAARCBBGbKUy2XlQZ7kSChqBeKET3klQCBmTCNIQeKU2OzlQ6mEUCh/UcKUzMBmQdodTCxgwZKE7RBmQSMwTCNdzXK04lMmQMIIVC5PVdKEEYNmQW5QVCd8yfKUFuGmQhrXUCpvfgKEW52lQquNVC9zVrK0Re1lQRveVCpCQpKU6SImQNDBVCtGqnKESRdlQ2SKTCpZQoK013+lQMpYUCpeyiKk0pclQPVkSC1T6jKkQg9lQD6cRCFzhlKkxyclQPH8RCNT3XKEgYxlQATrQC5xecK0/COlQs9kQCd4UZKkl5XlQHB8VCp2BhKkcZMmQ S_000001_000
LqGfSC14FsKk8SjlQwKfRCNH6sK0d+SlQlYQSCRhrsKkVO6lQU46TC9RRtKUO0clQx1DUCNy2vKEShTlQpb6UCVNuvKEEY/kQRLSUC9mUxKET3ukQgVWWCtduwKkYQClQtdWXCVjnuK0xLFlQCBOVCR0CzKUiBlkQ+TlWCRKsyKEmuvkQQ1gXCBAwxK01jgkQ8nqUC1411KEYllkQkC3UC9mk3KEDCUkQVjfVCltz2KUPKEkQmZWUC14F6KUFuUkQIwqTCZP66KU14lkQueMTClXa9K0islkQlDdTCRKM5K0253kQdo9TC9Tt2KEnE3kQl3eUCpYDxKk67dlQT+KTChNjwKkm7PlQYt9UCp52tKUOo6kQY2YWCBw6xKk2rOlQsDSVChdfyK0UBWkQxC2WCJdd0KUA/0kQkWOYC1GFzKUF2ekQiHsSChyF+K0X+xkQusWTCJNk+KkuRZkQP18SCZQz5KEOcElQUz0TC1jg1KU0QDlQ S_000001_000
LrcwXC5OPsK03P1kQTihYC5kYtKU5QjkQHaZYCtzHqKEaRClQ5lWWCV4KrKECsskQzMTWC1icpKkX6akQZQYWClYgmKUiBhkQ4PFVCxJRlKk78dkQx1TXCVO0kKUKcTkQ78lXC9TdiKUIwekQuzHVCZQgjKEaRMkQIwaWCZmJkKUxgAkQnv3WC573hKk/U1jQ35DRCpaMfKEDCmjQoaESCNJGeK03PxjQgVGTCx1TfKkR26jQ2jCTCR2+hK0NJ4jQWOESCR1YjKUf/sjQsyBRCd94hKkTijjQLHCQCRLCjKkpbYjQiWUSCNyGmKUHatjQhAbTCpETmKk9o4jQIw6TCZm5jKkTi/jQ5LDXC5b2pKU4VRkQKadVCNevpKUGOTkQ0XoWCxhXmKU+IwkQd8HYCdw1lKEQYQkQ2HJVCZ3ohKU2GRkQFGUWCpAslK0N72jQxUjWCB79hKUqhmjQOJDSCdJJcKELmyjQc/UPChC7hKUKISjQmmAQC1u+kKUxoWjQx/2TCNlAoK0Ix7jQ S_000001_000
Lnv/YC9RBiKUPKqkQRLiZC1icfKkYQikQb8yZC9ogkKUFuokQepjYCNymhKEueClQLHiZChV+gKkSMSlQtILZCNHaeKEv0dlQPK0XCJaheKEsyllQ46JZC1i8bKUktPlQIFeaCpv/aK0KHMlQDCMXCNIAcK0FZjlQjXSYCJGEaKUf/clQnE7YC1jCZK0LdvlQf/EWCNIQcK0LdTlQf/MVC5kIaK0eUQlQTiRVCxgAYKEsyZlQIFOUCNJmaKEBWBlQgqBUCZP6cKESh1kQzhGTCRLCdKkArokQaR+UChqBfKUep5kQ357VChrneKUMIIlQuhlZCdfciKUPhclQ80ZaCRtwgK0KNLlQC3xZCR6LeKEUBqlQSNuYCRpYcKUSGClQiSzWCZlbbK0RExlQy67XCpwlYKkiUUlQ3c4YC1MFXKUzHvlQB0lTClRIZK0hw+kQZ+5UCpjugKEs7xkQrkkWC5sEgKkTvKlQ S_000001_000
LCB2aClYwZKk/U1kQSMwZCpbSaKUy2lkQyLNcC55raKUMIwkQJb3aC1hmWKkED6kQueEbCZQgVK0a8OlQzMTaClu5SK0w1RlQc94YCB/ZTK0OfVlQEYVaCd8CRKU3k+kQyLdbC14VPKU0iAlQQgFYCtIrRKkX6IlQfUAZCd8iPKUep/kQRLCZCJvUNK0coNlQqxLUC5PVSKEaRSkQdolUChWUQKEW5ekQR2mVCZQQQK0JxskQvJRWCNJmSKkoFtkQ789VCdo1UKUc9gkQPf3UCNHqUKUf/SkQR2eUCtxrWKU0iGkQmZ2WCNe5WKU2OlkQmupXC573VK0cozkQVjXXC1jSTKUwK5kQoHxaCdMzWKU8qZlQ0oBcCNWKVKUtBRlQEDqaCND9RKknUelQ/RYaCxuHSKUQexkQJ6aXCVr0QKkfNSlQDysYCVVAPKErYxkQZ/6ZC56fMK0eANlQ6OEUCldqOK0R1dkQObtTCVUeWKEwB9jQbD+UCNhYYK0H7GkQEiZYCJh3WKE395kQ S_000001_000
LY6WcC1MzOKk78rkQU4icC1hWRKUPKgkQCsidCFDSNKEBWzkQpbabCRg1MK0kYekQJbHbCRgVNKkvfIkQ8S/ZCVihLKUwKBkQEtwYChpbMK0xLLkQ+TtZCpwlLK0xLpjQiWcaCBqmJKktzdjQzhuXC1NpMKknv7jQ+TNYCZlDLK0eUojQc94XCltTIK0eUqjQGZzUCRgVTK00NTjQf/sUCpZmQKEXPUjQsHtTCdnfPKkrHJjQgqhVCpEDPKUHafjQLyeWChVeQKktzpjQ2jqWCZ7MTKkqxpjQ46xVCh/0UKEsydjQnEzVCR0SXKkBBcjQSMwXCxf6TK0bS2jQNzMYCpFpRKkTi9jQ5leXCZkdPKECs2jQUv6bCFEANK0U5/jQrj2aCNpNPKUu1GkQ6zLaCZDsJKUhtFkQ4y7ZCVLXNKEaljjQw65WC9i1LKERVBkQ0ezXCNG0LKUBYbjQzq6WCB+FIKUnppjQTSJUCJxSUK0eeKjQpWlTCFFjNKEsOJjQT+FTC1ynQK0/1AjQJg+YCpbfRKEGBHkQ S_000001_000
Lv0VbCVNeKKEmuJjQKxAbCtyRNKEXPEjQkCvcCpvvJKkoFPjQmZ2aCBWpIK0NJ2iQQ1oZCR1IHKkR22iQ/UjYCpGPIKkSMoiQ99rXC5PFKKUbnziQyL9YCZk9JKUzMViQuznZCJGkIK01jEiQJb/WC12pLKEaRkiQ6mkXCtI7KKErcOiQpbyWChp7IK0kYEiQGEIXCpZmOK0MzoiQjsNWCVjXQKknvfiQpbSVC55rPKkYQUiQIwaWClBBTKk9okiQhAbXCx1DUKEEYxiQmZeXCpGfWKUgV0iQXkVYCxKHSKUMI6iQRLKYClBhPK0co1iQsxSZCZLJHK0xhFjQT10ZCtpSFKEDjyiQ5WAYCJrvGKkXAjiQEtiZCh2ZLKkXKaiQi4CWC9/ILK0BtkiQ1EoXCZDhMKUtWFiQG6XXCZxxHKEo17hQXSyVC95SUK0SbeiQUGFZCd7rSK0gRDjQptyYCd2OOKktu7iQ S_000001_000
LzMbaCJxQKKEZ7yhQPfHbCVihMKkZm9hQ78NbCxeUIK0eUmhQ3kQZC9TdLK0KHkhQiWcZCpEzNKEYlXhQQgFYCxf6OKkZmRhQ8SXXCZ6mPK0a8khQPfHYCBAgRKkR2EhQ0iMYCd++QKULyugQ5luWC5kISK01jihQ8nyWC1MzSK0JxKhQnErVCtduRK025/gQKxYXCNIQUKUgVwhQIF2WCBq2WKEEYxhQHv0VC5QbXKEtInhQEYdXCJFuYKktz9hQDCkYCBBGYKUO0IiQ67HZClYAaK0MzUiQKxIZC5leVKEAAIiQHahYC12pTKEpw7hQY58ZC5cVNK09sKhQU18ZCRGHPKEO7fhQfhlXCJkiNKUBzJhQPm4YCd3kSKUXbJhQToyVCJ57RKUh2mhQVn0WCNjvUKU5zIhQ0W3UCxmqSK0tlEhQTu7ZCNbnZK0NEdiQ6buYCR8ybKEVTViQcm8ZChjCVKk/GQiQ1W5YCpM2RKEN86hQ S_000001_000
LXkdZCBVDSKEpwhgQ2jqaCJxwRKUKcvgQU4aZC5OvQK0yhMgQjXKZChALVK0JxegQR2GYCFsCWKUzMRgQdolXCRfvYKUjXYgQ7RRXC5koYK0gAvgQEYlYCdTCbKUFuWgQY6mYClXKcKU46BgQO0qXCBVDbKEqG5gQEtAYCpG/cKEnEngQpw1WCNdTeKE99fgQMdzYCV3kaKkArIhQPKMZCtHlcK00NXhQmZmYC9oweKk/UXhQv0NaCtHFcKUf/khQUN2aC98tZKUFukhQUN2bCBVTZK0yhyhQOJeaCZPqXKUMIWhQXkdZC5QLYKECsIhQMaYXCJeuUKUlrRgQhScYChBLWK0KgCgQPkxWChHKZKEITQgQ/keZCVnYaKE0eagQLi5WCdfvbKkLEBhQwqrYCFtSeKUsqrgQMR6WCpUoeK0ijQgQ9gUcCxjlXK0ekyhQLyGcCZotaK0Hm8hQvv7aCRo7VKk5+VhQ99LZC5kyWK0oh+gQ S_000001_000
LDX/ZCBWJdKk/UvfQ/UzaCpGvaK0NJmfQSMoZCNdDfKEW5MfQ8SvaCZ7seKU6mKgQHaZbCZ7MhKEtIHgQfUgaCNdjjKUzMNgQdotZCFC8iKUMIggQZQQbCNyGmK0a8SgQamZbCRfvnKU6mAgQam5ZC5Q7kKkEDwgQpwVaCpFZnKkTijgQjsNZCJwqoKEaRagQIFGdCVM4mKEXPwhQCBWcCxJhoKEUNkhQwfibClX6nK0w1ThQFDibC9oQlK025PhQ67PcCtHVjK0jCbhQ0iEdCtdOkKEDCshQWO0dC14liKUGE4hQ3kAcC99zgKUIwShQ8nKbCxgQhKEtIDhQlD1aCFt4jKUgVAhQKUKeCtmsjKUTrqgQf23eCh9xmKk9z8gQ+1obCZeWhKkn9vfQvpNcC12QhK0HyPgQjH5ZC1O7jK0oUBgQLYIcCdqolKEu3YgQOhDZCRnTlKEBa3gQ0S1aC1WooKkqysgQbheZCB/cpKUfiMgQNBZcC19aqKEn5nhQ2SXeCVvUjKkarDiQ5D0dCVcqgK08S1hQgazaCNS1fKEtD6gQ S_000001_000
Lc9MiCB/peKEYlrjQmuJiCpasbKEqGrjQBWNiCJGEgKkpbAkQJbnhCh/0fKULycjQmZehC57niKE8ncjQhr/gCdoVjKUFuKjQ46JhCNIwhKUGE4iQueQgCJaxiKEtIPjQsy5fCRLClK0jCZjQ03jgCtI7gK0cotiQcS8fCxJRiKULy4iQiWkfCxKnkKEVjtiQMdzeCx0dYKE8nQiQuzneCJvEbKUgVMiQEtQfC55LdKkvfUiQUNGgCZPacKUIwiiQ03PgCJG0ZK0MzoiQAAwfCxgwXK0jCfiQ357fCJwKVKEBWjiQlYwgCFDyZKUy23iQgq5gChWUcKU3k6iQQghgCJxAeKUgVuiQZM5hCVPnjKUtpajQYtRhCZWIjKUnXqjQAADhC1SPlK0CRHjQRIOgCZSMhKUwWYjQi/kgCFhghKEdqeiQ6CMfCVBBhKERP5iQHRneCZ5gkKUlGqiQ3R7dC5QfbK01yBiQnFZfChA0TKESFciQQvTgCxxnUKUHvtiQ03PhChT8cKkCeEjQ S_000001_000
L9iyeClqnkKEkSrjQgxMfCxcMmKUqV+jQFLddCJdFlKUThhjQ9h5eCxwhhKEcNxjQC7feClGlgKkJpFkQ/qdfCVjheK0HPOkQSc+eCBc2bKEHdJkQx3bgCRtkeKU3rEkQOY6gCxFzdKkuhUkQHL6fCV2VaKUjx9jQfbZgC1qccKk5OzjQ2YBhCFhYbKEX8sjQ0/zcCJzOaKURI9iQkbSdCNaXcKkCsIjQb84cChEzeK0DQCjQDKGeChzIcKkQWZjQNVZeCl5jZK0lodjQHb+dCJaSXKUBHTjQs7GdCp6jXK0ERBjQlEocClbyVK0811iQ0rgeC95AVK0fhcjQW7OfCxZ7VKU3TsjQVVNfCNyqYK0K5tjQV+mdCBdxfK00eEkQ7OdeC53FiKk1mPkQQ2hfCh3ueKkezdkQDnigCBPVgKURs+jQunOgCZ0MZKEbDHkQL0KgCxNMdKkqsmjQMm8gCpg9ZKEpaijQa+NcC1RnaKEpCxiQUpMdCtWZgKEH5JjQAqScCl7+eKEZ71iQKfvfCFmxUKElB2jQ S_000001_000
LM9PiCJTVfKEMzgoQD0MiCxcjcK0TrcoQ5GRiCVozfKEjhsoQEYphClBBhKEW5boQdTmhCJFehKE/pQoQzM7gCRKsiKkEDOoQhr3gCJxQlKU2OToQPfzgClsdjKEueCoQLyqgClsNhKEsy3nQb8WgCFuumKEDCOoQJGMgCtdOlKUIwDoQx1LfCBAwjKUGEFoQEYlgCFsipKEAAMoQAAIgCRhbrKU46HoQsHFfCJaxqKkEDGoQyLVgChV+tKkEDGoQam9gClXquK0KHIoQ0iIhCZ7MxK0KHGoQMIchCFDysKE7RMoQO0OhCJaRqKkoFOoQEqphC1xwfKUw5MoQbT9hCduriKkFdOoQB0VgC9vztKkvcjoQRrkgC5cghK0EwQoQaqMhCxJakKEYd/nQRe7fCtgwmKkFsSoQEXJgCpffmK0sn7nQIOPfCBbHiKkxwAoQr1lhCxuzxK0bfHoQMQzgCpBdyKUGRDoQFu5hCBGUtKUhxNoQDPjhC939oKUa7QoQ S_000001_000
LK5+gCJlEhKEmMgnQmWqhCVISiKkQ9gnQ8h5gCprReKU/vYnQuwggCpGAjKE8aSnQ6M0fC9NAiKkP7JnQjLAfClrPkKEgOAnQoK1eCt2VmKEK4PnQ2upfC5ivlKUf2tmQaLjfCpeVkKkecamQ2yqeCZxzoKk2/EnQENzeCFqPoK0OJtmQdOjdCJqxnKUbSjmQmSAgCVrwyK05rLnQoG8eCZElxK0FqCnQuYpeCVa+uK0ybBnQFtmfCtdftKkY4KnQSLYgC9KbuKE5xUnQ8XegCVTNxKkPCVnQ+YAhCxIXyK0E/dnQrZwgCp+VsKkRwcnQyEagCF0NqK0JkXnQ8spfCV/vqKksyMnQXXTfCZmJhKkeaVnQCnAgCVvqgK0r7+mQF5HeChDjjKEDI8mQ3FTgC1nDmKUIPxmQkFxdCJvepKESCInQYnRfCV0upKE4TmmQLDrdCFggmKk7fXmQgNSeCJQyyKUDF8mQsVDhCtDU0KUPwdnQybWhCBrQxK0d0knQpGjgCN+YoK0wFbnQ S_000001_000
LCcQgC1sElK08uGmQpPygCRo/iKkjZFmQzUqfC5OolKUWyzlQYamgCtpznKUO2NmQTc8gCZYbpKkQz+lQlXegCVOSrK02IzlQFccgCRA2tKEqD+lQauqgCRYAsKkQUclQtaggChX+pK0wWNlQLmVgCdr6vKEsuulQ3mSgCxEnuK0kpYlQ7xNfCRKIuKUNyTlQ+84gCJ34xKE2CwlQRAygC9jX0KE24mlQPrQgCFe+0K0kAelQslThChMI2KkLgolQAp6hClQr1K01GylQTsViCl9d3K0nOylQHj/hC9YEzK07O7lQ2VfhCFQUxK0S65lQRwKhCxXRoKkvW0lQ9AShChpfqKUjUGmQhsBgC5TfqKkEDzlQSkJhCRAXsK0MublQe90fCx4zwK0tCylQ4cggCphtvKkeqNlQ2WJfCJyesKkYXLlQwVPhCpb53KELHilQKTaiCRvkyKkyZCmQGgjhCd6ivKU3QAmQ S_000001_000
LBt2gCd1FqKEsh2kQG/jhCBrwqKkiT7kQrcsgCdRlnK0i6qkQDfigChdhsKUegpkQdo8gCBbouKEYuhkQSztgCVEmvKEAGMkQF/OgCZ7ttK0WPDkQOVWgC9wRyKEmyLkQzmdgCJJmzKUa23jQsZNfCpY6uKkAAAkQq+OfCh5cxK0GiNkQ3bbgCBXz2KUko2jQGZ+gCZlB4KU0ZGkQYBUeCJQYzKE3BGkQd8abCFUpoKU7SnjQPQScCJrLqKkZfcjQk3PdCdIxrKUz8jjQwQSdClTsrKU4c5jQyvdcCBoNqKUzvGkQyGfbChUnoK0B48jQO7naClUFnKEqoHkQf9ycC9soqKEUDckQbwydCBSVsKkoKbkQ6EJeC5rDtKESuGkQgMahCtk/tKEbigkQor7gCBBIwKUo2rkQxjGhCB5svKkQfCkQJ6egC9kZzKkU4XkQTRFfC96YvKUf6wjQ8xBfC9nAxKErcckQ7McdCdQDzKkAsMkQAkMcCFjIqKE93MjQ0m9ZCdqAmKk92/jQ/vpaC1zBnKELTXkQk2PeCxXBtKUU7nkQ S_000001_000
L4sbgCd9w2KEtP2jQD4ogC5Eb3K0sCgjQPpgfCNph3KEpz9jQdH+gCJqD4KUOVGkQ8nqhCVMY3KU2OFkQjsFiCFYV5KEAASkQnv/hCRg14Kk9ookQOJ2iC99D5KEmuPkQ8SHjClXK6KUPK8jQwfmiCxJR5Kk78zkQBWFjCdnf6KEAAkkQ0BegC1xlzKUbE4jQPf/iCR0S9KEUNkkQ/U3iChVu2KE+T9kQhrXjC9m02KkX6MlQy2ljClYA5KUO0SlQR2mjC9og0KEEYVlQkCXjChALyKULyOlQFumjCFC8vKkQgXlQUN2iC9RByKEZ7+kQMdniCJGU0K0Gv2kQTyzhC9Ga3KUSP2jQZquhCxlk1KUM+KkQ5U8hCxDK7KEUsOkQk/9iCRrK3KkWdQkQl9giCxhj6KUJc/kQ1WjjC5gF6KU2InkQzLKjCRsA+KUxxxkQ9vbjCpQMuKES/SlQcM9jCpADwK0JailQFxqiCpvSwKUAN6kQY8QiCVlP0KUY2rkQ S_000001_000
LU4KaCtyBrKkDtOlQdzRZCFokqKU2cIlQtLvZCxvYrKEN1clQVfCaC9O8sKEUkKlQM9DbCV9erKER9UlQ7kmaCp1qqKU6kAlQURTaCdWHpKUz1SlQ S_000001_000
LvJRaC1MjtKET3UkQdmLaC51UuKkoLGkQQVWZC5pvtKEX6WkQwCaaCpkQvKkpbakQAtWaCtjxsKk9ijkQO+LbCxvWtK0O0SkQtQIaC901rKk8SPkQ S_000001_000
LSBTYC1iEqKknkBlQjjGYCpEipKUbNzkQumcXCx1EqKE3mIlQ S_000001_000
LGsQZCNByrKUqYslQuzGZC5viqKEIz3lQZG6YCxMctKEJixlQ S_000001_000
LHQ5ZChCDvKU1AGlQUIJZC5u0vKkt2+kQZifaCx4gwK0lUIlQ S_000001_000
LXvCcClC/rK0f1blQ5aacCdCwtK0f1blQ0fzcCJ30qK0f1blQ S_000001_000
LjEFbCNkRqKEdBxkQ78ObCh1grKE/mlkQQqbbCpYnoKE+3rkQ S_000001_000
LigcaC5iAnKESZXlQIyqaCVzrmKk6DmlQ83GbC9+CmKUpcPlQ S_000001_000
LqfFaCtcLvKEAC2jQm9xaChbevK0IxrjQbhSZCxoyvKEzFvjQ S_000001_000
LzwMYCxO/tKkSeZkQRngXCZUusKEfPWkQkCvXCNyfvKksRfkQ S_000001_000
LdKlaCxXZxKEXZhkQJUUbCtX7xKU7MqkQnF2ZC9vcyKUFamkQ S_000001_000
LzzcaC586rK0lszkQ3VwZCJ+nrKUd99kQDyPbC5wTrK0yo6kQ S_000001_000
LqiVcC1KHtKkTQQkQMsBdCRFYuKEHfTkQ5QzcCdnmrKk5cKkQ S_000001_000
LAJ9ZC5BtpKEPVIkQnw7ZChxCoK0v8PkQxWzZCV7NpKEMu5jQ S_000001_000
SCORE:  1346.413    -79.416   1240.094           1.015          7.913                    5.284    -36.535      3.587      4.000         91.487              0.000              8.571     -61.618        -6.510           33.034            -3.242            -0.365     -31.040    123.080         0.000            0.000      41.400         0.000         0.000                5.673 12754.470          1      4.098       4.098    S_000002_000
RES_NUM B:8-12 B:127-137 B:169-179 C:205-206 D:1-5 B:1-2 w:1001-1012 S_000002_000
FOLD_TREE  EDGE 1 3 -1  EDGE 3 5 -1  JEDGE 3 34 4 C4 C2  INTRA_RES_STUB  JEDGE 1 30 5 C4 C2  INTRA_RES_STUB  JEDGE 5 36 7 C4 MG  INTRA_RES_STUB  JEDGE 36 43 14 MG O  INTRA_RES_STUB  JEDGE 36 44 15 MG O  INTRA_RES_STUB  JEDGE 36 45 16 MG O  INTRA_RES_STUB  JEDGE 36 46 17 MG O  INTRA_RES_STUB  JEDGE 36 47 18 MG O  INTRA_RES_STUB  JEDGE 36 48 19 MG O  INTRA_RES_STUB  EDGE 30 32 -1  EDGE 34 33 -1  JEDGE 36 17 3 MG C4  INTRA_RES_STUB  EDGE 17 22 -1  EDGE 22 27 -1  JEDGE 17 6 1 C4 C4  INTRA_RES_STUB  JEDGE 22 35 2 C4 MG  INTRA_RES_STUB  JEDGE 6 28 6 C4 C4  INTRA_RES_STUB  JEDGE 35 37 8 MG O  INTRA_RES_STUB  JEDGE 35 38 9 MG O  INTRA_RES_STUB  JEDGE 35 39 10 MG O  INTRA_RES_STUB  JEDGE 35 40 11 MG O  INTRA_RES_STUB  JEDGE 35 41 12 MG O  INTRA_RES_STUB  JEDGE 35 42 13 MG O  INTRA_RES_STUB  EDGE 6 16 -1  EDGE 28 29 -1  S_000002_000
RT 0.303181 -0.0618028 0.950927 -0.425812 -0.901515 0.0771689 0.852505 -0.428313 -0.299638 -10.2616 9.51442 11.2132   S_000002_000
RT 0.153228 0.988176 0.00542685 -0.216744 0.0389656 -0.97545 -0.964128 0.14829 0.220152 -7.3391 -10.1896 3.34368   S_000002_000
RT -0.908799 -0.405771 -0.0971287 0.372925 -0.685572 -0.625234 0.187113 -0.604434 0.77437 -7.44719 10.6947 3.32334   S_000002_000
RT -0.640913 -0.717853 0.271879 -0.751054 0.659608 -0.0289026 -0.158586 -0.22272 -0.961897 0.12695 -1.00198 6.75575   S_000002_000
RT 0.828156 0.4533 -0.329661 0.455718 -0.886975 -0.0748035 -0.32631 -0.0882837 -0.941131 2.5143 -10.6731 -9.70851   S_000002_000
RT 0.778711 -0.627378 -0.00245707 -0.61736 -0.766962 0.175031 -0.111695 -0.134781 -0.98456 2.1962 9.6686 -8.26823   S_000002_000
RT 0.293414 0.657895 0.693601 -0.551674 -0.476014 0.684885 0.780746 -0.583596 0.223274 -3.46902 7.85576 11.4355   S_000002_000
RT 0.612079 -0.790796 -1.13798e-15 0.790796 0.612079 1.11022e-15 -1.94289e-16 -1.59595e-15 1 -2.1 5.32907e-15 -1.80411e-14   S_000002_000
RT -3.21965e-15 7.82707e-15 1 -0.612079 0.790796 -8.16014e-15 -0.790796 -0.612079 2.16493e-15 1.44329e-15 2.1 1.9984e-15   S_000002_000
RT 0.697657 0.704347 -0.131034 0.565175 -0.42868 0.704847 0.440286 -0.565799 -0.697151 6.38378e-15 1.22125e-15 -2.1   S_000002_000
RT -0.612079 0.790796 -3.4972e-15 -0.790796 -0.612079 -7.49401e-16 -2.69229e-15 2.34535e-15 1 2.1 -8.21565e-15 3.4972e-15   S_000002_000
RT -1.11022e-16 6.38378e-16 1 0.612079 -0.790796 6.10623e-16 0.790796 0.612079 -2.77556e-16 9.99201e-16 -2.1 -1.55986e-14   S_000002_000
RT -0.790796 -0.612079 5.10703e-15 3.21965e-15 4.19109e-15 1 -0.612079 0.790796 -1.38778e-15 -1.66533e-16 1.72085e-15 2.1   S_000002_000
RT 0.612079 -0.790796 5.12784e-15 0.790796 0.612079 -7.18869e-15 2.55351e-15 8.46545e-15 1 -2.1 -6.66134e-16 -1.15047e-14   S_000002_000
RT 7.57727e-15 2.38698e-15 1 -0.612079 0.790796 2.83107e-15 -0.790796 -0.612079 7.43156e-15 -2.02061e-14 2.1 1.70142e-14   S_000002_000
RT 0.829912 0.557705 0.0145219 0.365118 -0.562639 0.741705 0.421823 -0.610247 -0.67057 8.36831e-15 4.46865e-15 -2.1   S_000002_000
RT -0.510022 0.727975 0.458181 -0.365755 0.298572 -0.88152 -0.778525 -0.617177 0.113982 2.1 6.88338e-15 1.06998e-14   S_000002_000
RT -4.82947e-15 -6.66134e-15 1 0.612079 -0.790796 -2.27596e-15 0.790796 0.612079 7.83401e-15 1.95399e-14 -2.1 -2.91434e-15   S_000002_000
RT 0.416226 0.784456 -0.459767 -0.741377 4.5878e-05 -0.671089 -0.526418 0.620185 0.581596 -1.16296e-14 1.80411e-15 2.1   S_000002_000
ANNOTATED_SEQUENCE: g[RGU:Virtual_Phosphate:BlockStackBelow]ugug[RGU:BlockStackAbove]a[RAD:Virtual_Phosphate:BlockStackBelow]gagacuagac[RCY:BlockStackAbove]g[RGU:Virtual_Phosphate:BlockStackBelow]gcauagucca[RAD:BlockStackAbove]a[RAD:Virtual_Phosphate]gc[RCY:Virtual_Phosphate:BlockStackBelow]au[URA:rna_cutpoint_lower]a[RAD:rna_cutpoint_upper]cZ[MG]Z[MG]w[HOH:VirtualWater]w[HOH:VirtualWater]ww[HOH:VirtualWater]w[HOH:VirtualWater]w[HOH:VirtualWater]w[HOH:VirtualWater]w[HOH:VirtualWater]www[HOH:VirtualWater]w S_000002_000
LShDnCZ5AzK03PnnQYlnmChrnwKE99lnQlYMnChVO0KkmZ8nQZQwmCxgQ1K0coXnQx1DnC9m03K0bSWnQWOAnCFu+4K057/mQ/U/mCR142K0z3vmQhAXmCBAg6KEEY7mQCsWmCltD9K0xLFnQ/UnmC1Mz3Kk78dmQMIYmCR1o6KEnEjmQNz0mCJvk8KET3amQDCckC13P2KkAr0lQ5l2kCFCc4KE8n0lQDXrkCNIg6KkSMolQIFalC1hm4K0NJAmQamhlCJEY2KEAAMmQoFJlC14F0KkoFNmQtIjkCRK8zKkDtAmQyLJkCtHFyKUbn/lQJbblCNIQyK0d+amQ469lCRKczKU14hmQ67DmCZ781KkQgZmQJJinC9Oq3K0+FanQ101mCFHC5KkQcgnQLbgmCpcwxK0u+slQG62lCFvjzK0JSXlQYNZnClWH6K0eL9mQ9p+lCxzc5KkdiAnQzg6mCxM23KURjRmQHe7lCxf66KUaFdmQN30mCNhI+KEmXkmQOaCkCVYU2K0nprlQtU9kCF9G8KEEtnlQ+NRkCRba6KEjkflQd0RmCZynyK0JFsmQ S_000002_000
LY6ylCNep9KkU4WnQv0llChWE7KECsgnQuzDmCNdz/KULyknQqxLlCNIw+KEQ1InQueMlClDdBLERLCnQPf3kC9S3BL04lsmQsy9kCRgl/KUIwemQqGHkC5kICLkrHtmQOJ6jCxfqELkDt0mQCBakCJbX/KkR2QmQYl7jCtIrBLknvVmQgVCkCd94DLkEDImQoFFkCd+u8K0JxUmQMIgjCNdD8KkZmJmQIwOjCR2e9KEXP8lQ99PjChWk5KkR2OmQfUgjClYw3K0fqdmQXPOjCBqm1KU0igmQFuGkC9Sn4K01jomQnEXkCxJB7KEv0jmQHRqlC9mDCL0DQBnQoW9kCl/iCLU3wMnQyYElCZUbDL00rlmQeI7jCNruALEtQ2mQzSjkClGf/K0E5BmQBDejCp+CBLUxLUmQ0v7jCVhiFLUc3PmQw91iC9rA5KE+THmQwWUkCxtc3Kk2KzmQ/ExkCp/k7KktUrmQ S_000002_000
LDXfjCZ5wELksdKnQXPujClBhCLEaRYnQxggjCFYlHLkBBSnQx1viChrHELUIwCnQU4aiCx1DGLEoa2mQ2j+hCFZrELkmZmmQSMQiCpFJCLEpwfmQWOUhCtduDLU2OvmQyL5gCNH6FLkZm1mQjXuhChArALUPKWmQc9EhCd9ICLktzbmQJb3gCpvvDLEueKmQHalgCZ5g3KUhrVmQKcZgCh/05KkrHLmQktrfC98t5K0d++lQzMvgC9SH8KksdMmQUNShCZP67Kk8SZmQ0ighC1is5KkmZkmQBWJhChqR3K0a8imQy2RhCtcI1Kk78rmQNeFiCJxQ6K0w1vmQ6mMiChqx8KUNermQhAvhCxf69KU46dmQHSwiCBUKHLUDGvmQXzJiCt/MHL0J4/mQc57hCBE0FLkgrZmQEeZhCtpjCLUnh7mQdNyhCZ8qAL0ImGmQRbugC1T3AL0+qfmQMUpgCJaWFLksFQmQRbTgCJT71K0HwTmQzWYfCF/T7K0lO3lQVMLfCdHD4KUL39lQf5kiCZEy9KUPQxmQ S_000002_000
L46lgCFX/FLUKcNnQAAEhCVOkELkEDcnQiWYgCFDyILUy2RnQ2O3fCJFOELE/pKnQBr0eClYAFLkVO8mQb8CeCNdjCLkoF1mQmZ+eCJbnALkYQsmQGEYdCNz8ALEQ1GnQb8KcC5kICLE7RPnQbnfeCd++9KEpwvmQ2jKdC9oQ+KUbn7mQ6mEcCdSM+KUwKtmQ03ffChpb8KERL8mQBrUfC9Tt5K01j+mQZQYeChqh4KUIw2mQ7RJgC12Z4K0kYKnQT3sgC99j5KU14TnQjXGhCdSM4KUGEenQuewgC9na8KE/pQnQCsSgCx0t9KUzMFnQ3WOfCJO5FLknzvmQTbOeCZ5QGLUVgDnQU+ZdCliFDLUGBqmQzhAeC1ftAL0opSnQmrVeCFbG9KUf+hmQSNFdCp5y8K0W8FnQMMWbC9aT/KE32ymQUkFgCpMe2KUaNMnQJoIhCx5Z9KEhyWnQ4CWgC1gp/KUgUDnQ S_000002_000
LaR2bC13vBLUjXonQMIIdC5PlBLU0i0nQsH1aCFsyDLktztnQYlLbCtH1+KEBWpnQ6m8ZCx1T+KkpbenQDXnZCdoV7K0jCdnQnvnaC5Q75KkDtQnQSMoZClBx5Kk78xnQtdeYCNHK6KkoF/nQXP6aCtIb3K0kYanQoFxZCZP62KkZmpnQmupYChqB2KUbndnQNz0eC5QbyKE+T9nQSModCxfaxKkBB2nQ14ddCZ5wuKEaR4nQpbqcCBW5yK0xLtnQnv/cChqh1KkVOsnQwfKeClst2KEnEznQGZLfChrH1KUjX8nQNzIgCVj31KkArBoQW5IeCNzc5K0IbvnQY6+cCJb35K01jmnQLyOcCFYl3K0NJknQuY7bCF8y4K0ETOoQCxkcCJTA1KkTDToQDNAaCBgB/KkC3PnQY8NZCNmN/K0VCmnQY+vYClEI7K0S3VnQ36aaCZDR6KE/O6nQWC8aCdWA2KkdkPnQei9ZCRjp1K09M1nQ5f1XCFGy2KE61jnQwydfCJkKxKk9xBoQ11ocCFK6tKEpbznQCPLeCNhrtKU7v+nQYArcC1xo7KUIEinQ S_000002_000
LwKHSCJEotKEUNAkQwfiRC5P1rKkArQkQ7RpRClDdtKknvpjQcSsTCFDStKUO0AkQJbfUCtznuKkWkxjQEtwVCFX/sKUbnvjQsHdVCJxQqKkCXpjQMdzWCZk9tK025fjQU4CYCtyRtKEqGpjQgq5VClYwpKUgVUjQfUgWCdRWsKUhrLjQU4qXCpGvrK025/iQVjXTC5kYhKEZ76iQuzfUCJwqhK0eUGjQmZGVCFZ7jKkmZMjQzMbUCNJGmK0LdFjQSMQTCtzHmK0co5iQQgtSCNymjKEXP0iQXklRC5PVjKEQ1oiQCB2SClstoKEEY1iQKxwTC55LqKE8n+iQ03vUCRfvoKUxgIjQK+qUCZScwKEho2jQHUAUCh9tuKk++jjQs2+RC5s/nK0lEtjQKZGSCx14jKk0VujQkgNWCl/8sK03i9jQthsWCJK5vK0QydjQhglWCFkWoKUOaUjQN01VCNvPtKkzpCjQBEcYCZomsK0ntGjQMN8UChvAgKEDzKjQD3PRCxsihK0ZbliQXhGRCN06kKkg5jiQR8vTCxYJsKkyZ+iQ S_000002_000
L67PZChWUvKEtInjQ5QrYCNc9xKEBWhjQqGHaClD9uK0bS6jQBWBaC1NJuKE/pSjQ99DbCZPqvKErcIjQU4SbC9S3uKUwKxiQKc1bCRhLsKUktviQoaEaCxf6uKE8niiQ78VaCZ6mwKEQ1QiQ35TbCNc9qKkuJdiQMI4ZCFu+rKkpbciQBrUZCNHqrKEv0HiQFu+ZCBAghK0bSEiQtdeZCtI7jKUbn9hQKxgYC1h2jKECsuhQc94ZC9RRmKEqGFiQJb3aCJxAmKUJGUiQMdbbC5QrjK0isbiQR2+aCBrMhKUbnTiQSMYbCpa8eKECsYiQmuZcCdSMkKEW5qiQRLacCd8ymKkSMsiQZQgbCZlDoKUc9eiQhm5bClcZvKktSQjQOx0aCR9jxKkczIjQDR8bCRoGwKEdyqiQEBTZClhjvKEXyqiQvNybCFAirK0HNQiQzLWZCpDBrK00IniQVa3YCxS7pKk4GHiQX2mZChO4fKU3z9hQ1mHYCtbhlK0gZphQ5vMYCdlIiKUWDphQCLAdCx1ynK0Nx1iQ S_000002_000
LWOMZCFCcyKkDtGiQc9gYC9n6zK0KHYiQiBxZCFu+zKECs0hQBrMYC98NwK0Ib9hQ4P1WC1iMwKUwKDiQUN+VClu5wKkEDwhQQgtWC1NZwKkpbchQ4PtUCFuOvK0w1thQEtoTCZ7MwKEZ76hQiB5VCFX/uKkqxNhQ+TdUCVMYvKEmuVhQ/U7TCpZ2xKk9oOhQCsiVCls9lK0KHmgQ1NBVCtcYoKU14hgQmuJVCNHqqKEW5sgQGZ7VCd8SqKUdT+gQLHiWCRh7nKUFuEhQWOUWCNHqlK0is3gQ+T1WC13PjKU147gQfUQXCx1ToKEEYXhQT3EXCdR2qKEsybhQwfSWCtILsKEBWNhQKyrWCBCgxKUloOiQw+lWCRWauKk+YIiQ3lvVCJnzyKE0vwhQeD6UCh3XtKkLvxhQqj+VCdvvvK0QX/gQ6+4TCxv5tKUN0QhQeFUTCpoiyKU0iZhQRsdUCR5foKEf/UgQ3kpWCNgvhK00RygQ/WZXCNJ/iKE2iIhQpKeXCRZurKUVUohQ S_000002_000
LMdLTC5OfuKEEYPiQDXXUCpa8tKkX6ciQuz/RCNJ2vKU6mYiQ/puSChArrK0FZFiQPffRCtzXrKkBB6hQDCkRC5kIpKEShphQqx7SCxLtoK04lihQtdGRCR1YmKkuJxhQGZrPC5kImKkBBwhQjXKTCdS8lKUzMfhQDC0RCltjkK03PhhQShLRCV4akK0jCNhQ8nCWC1MDeKU0i2hQqxLVCxgQeK0FZlhQueEVCBBGcKEW5YhQzheUCRKcgKkX6ghQNzsUCdSciKEqGvhQLHiVCRhbiKU6mAiQmuRWCNJGgKU2OFiQWOEXCFuufKUMIUiQ2OfVClC3kK00NLiQ1NpUChqRmKUJGAiQMIIUCRK8kK0JxuhQgBSRCFZDtK0rsyhQ3xxQCJ49qKUtQEiQlvBRCpDppKkmBdhQ0wZRCdHHmKUG5/hQ7vgTCtcrlKE7sQhQsH8RC9ewiKkuHnhQYSsRCJAOjKkdvDhQ+2gWCdcWcKkEh4hQ55dUCp+HcKkkhMhQTllVCVneaK0CFchQboZUCVqHoKEAtDiQ S_000002_000
Lmu5OCx1zjK0Gv8hQ35bPC55rjKEQ1SiQZ7cNCBAQkKU5Q5hQIFWPCNyGhKEQ1whQwKvOCxgQgKUzMdhQNeBPC9mUdKkU4YhQNzcQCZm5cK0GvWhQ5lmOClsdbKEW5qhQ03PNCpasaKUgVohQcS0QClXaaK0z3fhQ/UjPCpZGZK01johQueEPCJEIXKUgVahQ3kYUCluJWKEnERiQf/kTCNJGVKERLCiQhArSCV3UWKk781hQ03nSCls9YK0HF6hQc9YTCFYVaKET3IiQcSUUCltzYKkR2UiQAAIVCNJ2ZK0isjiQcSETChqBdKULyIiQlYISC5lOdKUPK6hQPK0RCBq2aK04lwhQK6FPCZqVhKEaaRhQMNxNCpBigKEEIehQvblOC5WzcK0veLhQm2uOCVGYcKUQo4hQm1MRC9DSZKU/mUhQZbxPCBCUYKEGf2hQqOuPCFuqVK0SiZhQwVqTCNcKTKU75/hQZxvVCF5rYKEngriQYSGVCFFxbKUPxmiQOtsRCVQ7eKE8c2hQ S_000002_000
LPKUMCpvfaKklD9hQJbnMCVO0cKUf/KiQnE7KCxeEaKEmu1hQwK3MCNy2XKk9oIiQpbqMCVOUVKklD/hQuznNCdnPTKU46HiQ2O/OC55LUKknvHiQShbNCJahSKU5QfiQO0SMCJb3QKUNehiQe+uPC99jSKk++ViQe+uOCpEDRKU46jiQXktOC99TOKkYQeiQjXqQC5OPUK00NjiQc9wRCJaBTKE7RtiQ149RCdRmQKUiBriQgVmSCR0iUKk8S5iQqGXSC12JXK0Of7iQXkNTCx1jYK0LdHjQuzPRCpacYKkQgxiQShbQChA7WK0fqliQlNzMCFPeVK0OlvhQzkvLCdxuUKkwxBiQg3kNCR2oRKEP++hQJEVNC9dKUKkMrniQ3+PQCVxRRKk8fNiQqDAPCBBQRKkh6yiQ8ZzOC9nONK0zOriQXsETCl6eaK0ZeJjQ7b+TCF1qXKEzOOjQRzFRC1eXaKUIQziQWRqPChswXKU7qeiQ S_000002_000
LjXyLC1i8PK04l4iQUNGMCFYFSKkYQIjQ9oYKCNdDPK0251iQ78tMCFZbNK0259iQaReMCNe5LKEueQjQbnvNCx1jKKUJGYjQzM7OC99zLKEnEPjQ2O/NCJv0KK025vjQYlLNCBVDJK0fq7jQZQAQCVOkLKEpwdjQXkdPCV3EKKk8SxjQgVuPCFsSHKU0iwjQSMgQCpbSOKUGEkjQkCnRCpbiOK0IbxjQAAQSC9nqMKE/p4jQEY9RCVMIRKkVO2jQyLVRC55bTK03PvjQEtwRCVjnVKkX60jQPKMQC56BTKEVjhjQlD1PChqhQKE/pcjQLNzLCZEiKKkMONjQrRIMC9vENKEzvbjQ29uNC56rIK0jhTjQYtzNCF1qMKkOU0jQEnuQCFIhKKEaUXjQdo4PCNi2KK0CA+jQ+QsQCFIAHKk9ixjQGCvSCJRXRKU3m/jQLTsPChUkUKku9bjQnRDPCJ7RQKURWTjQ S_000002_000
LLymMChqBKKkVOSkQFuWNC5QbMKUzMZkQEtILCRKMKK0HFQkQCB+MCdRmHKU14hkQhrPOCVOUGKkoFhkQsyRPCRKsHK0xLvkQIF2PCx09JKEaRkkQFDyOCZ78IKUy2DlQepjOCNz8GKkZmTlQ99jQCtxbLK0w1zkQoa8PCpEzKKkZmJlQ5Q7QCJGkJKU0iWlQJGsSCdolUKUGEElQTi5SCluJSKkpbMlQGZTSCdR2PKEEYHlQKxYRCBrMQKEpw3kQ99DRCV3kSK0fqtkQW5wRCtz3UKErc0kQYljRCR0SXKEUNskQNzEQCtxLSKErcekQlD1PCxKnPKUbnfkQsHlQCdTSOKU0iukQXhkOClGVGKk6SSkQ4jJOCJadEKUd2lkQe0/PCV2aGKEnYykQnK9NC5a8JKUe9AlQL7eRCN2wKKEZbzkQsOoPCpNdMKEURQlQpA+QCB2fKKExTklQT6kTCtcCSKEsuXlQPgESClA1YKU/dxkQ5+4QChtiXKEI4gkQwbKPCBitOK0loWkQ S_000002_000
LJGcNCpwVHKEmullQoFZMCRhLJKUktdlQWOENCB/pEKUy2tlQMIQOCpZ2IKEDC4lQuzXPCZljHK0FZBmQ46RQCJGkJK0eUMmQpbiQC9S3LKkAr+lQDXvPCNzsKKU2OhmQaR2QChVuKKEYlvmQsyZQCFZLOKkCXLmQDXPPCNzcNK057ZmQ/UDPCBqWPKkmZqmQe+eNCZljSKkVOSlQ6mUNChUIQKEaRclQSMQMCRhrOKksdWlQgqJOCtxLPKklDrlQ5QLPChU4QKEqGvlQzMbPC5PVTKk++llQXPiOCVOUUKkYQWlQUNmOCxLdWKkmZMlQZ7kQClsdUKkmZulQuz/QC1isSKUPK8lQoaMQC5leQK0Of9lQe23PCJnnGKEiM2lQljDPCl5PGKUW7LmQ91IRCl5sIK0YePmQhHAPCZ6kJKUNQmmQWtMRC9niOKkBDUmQuoaOClYTNK08gRmQzSZOCZtrQK0WqlmQ+L0MCFsETKkKiHlQSrFMCp17MKkvHdlQdqoLCBAXPKEElLlQLizRCZg7SKEl0EmQ S_000002_000
Lb8yQC9RBMK0d+GnQ3kYPCJxQMK025NnQ3kwRCRLiKK0yhUnQEYVRCFX/OKU3kCnQSMoSCZQgPK0FZ5mQEYFTChUYSKUiB9mQVjfSCtILUKk/UtmQIFuSCJEoTK0yhSnQyLtTCpbiVKktzXnQY62RCR0SWKUgV4mQy2ZRCNIAVKEnENnQ03/QCV46WKEaRcnQdoFQCxggeKUdTQmQ/ULRCNeJeKkvfcmQf/kRCtx7bKU0immQCBuQClX6ZKkoFjmQ35jPCtd+ZKUiBXmQbnPPCRhbcKUzMNmQFDKOCFDycKEtIBmQ5Q7OCxJhXKkrHXmQyLtPCdTCWKkoFjmQ5QzQCNyWXKEQ1qmQFulSCdrKPKEF9pmQRKSTCRxSOK0Z2/mQaxDUCZsdSKEEj7mQ2eqSC1lNSKkYXdnQFVeSCBDxXK0ej7mQS+rQCFzsTKE7oKnQMjJQC1atXKkepXnQMfwRCVitfK09TemQNq+NCt8heKEco6lQWZiNCdxSbK0Uw+lQOThPC5sJUKESQmmQ S_000002_000
LMIAVC9owUK0FZlnQXPqUCZ5gSKEv0znQ9oIWCNzcUK0kYWnQsHNVC12ZXKEVjznQc9IUC9SXYKErcAoQOJuTC98NbK0co7nQ5l2UCVNucKEVjznQDXnSC13fbKEQ1qnQPfXRCVihcKEsyznQ8SfUCpvPeKUHahnQGEQTCx09cKknvXnQpwdSCVN+eK025NnQPfnVCBVTeKEpwRnQiWsVCNJWgKUdTCnQT30UCVjHiKkZmBnQe+uWCV3UgKUdT0mQpbqXCZmZeKE7R1mQO0qYCVNeeKUzMnmQ/pmXCNdTcKULyEnQBrkWCdoVcKkvfSnQzO1UCxziaKEK8gmQ4gbUCdtTYKEv7HoQPDXTChrMXK0uH/nQ3gZTCVDFcK0YXEoQCucSCxIwZK0XOknQtcRUCZXEgKkgAmnQLQjTCxUtbKkZuMnQkxMSCxSXeKk6n/mQbNXZCJtFdKkqinmQDktYCBF6fKUricmQSnSYCpD6aKEzVFnQLggWClL7aKE3SdnQ S_000002_000
L5lGVCZQwrKU6mYnQ1NhUCNJWpKUO0inQAAQUCBBmtK0z3LnQ/UTWCV4qqKkYQKnQTiJXCVNesKUwK/mQy2RYCB/5qKUzM1mQwf6YCd+OpKEtIFnQ46xXCViBpK0z3jmQ++hYC9TdpKkrHRmQyLNZCxgwmKESh7mQY6+XClYQmKkWktmQ+TNYCNIQkKkEDemQZQQXCpv/hKULy8nQ35rWCBr8jKUMIwnQHvcVCpvvkKE+T1nQCsSXCltDlKUKcfnQjXiYC1jCkKEXPcnQPKMZCdRGiKU46nnQsyhYCRh7gK0fq5nQT38YCRKMfK0d+CoQlDdaCxKnhKEYlfnQ8niaCd+OjKk8SPnQ8naZCxJxkKEaRMnQo1fXC1/ytKkGSJnQTNoWCFOZtKkOH0mQNHVYC1nVeK03G5mQbbnWCFdMeKEnOMnQMY8YCxbKsKEBjvmQA70WCheWpKUWahmQRhAaCB9zmKUJhymQtPPXCZpwlKku92mQ9hmXCh+viK02xgmQjZuWCJGUhK0pZEoQrNAVCRiImKEl0snQ7M/UCVp8jKEYyAoQSNVbCxcWjKEEFGnQ S_000002_000
LsH9XCZ6WrK0Jx+lQQgNXCd9otK0NJImQf/EZCNJ2rKkqxvlQwf6WC1icpK0xLzlQJGkVCx1jpKET34lQoa0UCBrcnKU0islQfUQVC141kK0IbzlQf/UTCVNenK0JxwlQBrsSCNz8oKkvfglQ9oQUCtHFjKEDCslQx17SCtyhkKEv0vlQhADSCFX/jK0GvelQO0aSChWkZKkpbylQoFBSChrnbKkuJllQAAARCBBGbKUy2XlQZ7kSChqBeKET3klQCBmTCNIQeKU2OzlQ6mEUCh/UcKUzMBmQdodTCxgwZKE7RBmQSMwTCNdzXK04lMmQMIIVC5PVdKEEYNmQW5QVCd8yfKUFuGmQhrXUCpvfgKEW52lQquNVC9zVrK0Re1lQRveVCpCQpKU6SImQNDBVCtGqnKESRdlQ2SKTCpZQoK013+lQMpYUCpeyiKk0pclQPVkSC1T6jKkQg9lQSVcRCpEhlKU47clQPH8RCNT3XKEgYxlQATrQC5xecK0/COlQs9kQCd4UZKkl5XlQHB8VCp2BhKkcZMmQ S_000002_000
LqGfSC14FsKk8SjlQwKfRCNH6sK0d+SlQlYQSCRhrsKkVO6lQU46TC9RRtKUO0clQx1DUCNy2vKEShTlQpb6UCVNuvKEEY/kQRLSUC9mUxKET3ukQgVWWCtduwKkYQClQtdWXCVjnuK0xLFlQCBOVCR0CzKUiBlkQ+TlWCRKsyKEmuvkQQ1gXCBAwxK01jgkQ8nqUC1411KEYllkQkC3UC9mk3KEDCUkQVjfVCltz2KUPKEkQmZWUC14F6KUFuUkQIwqTCZP66KU14lkQueMTClXa9K0islkQlDdTCRKM5K0253kQdo9TC9Tt2KEnE3kQl3eUCpYDxKk67dlQT+KTChNjwKkm7PlQYt9UCp52tKUOo6kQY2YWCBw6xKk2rOlQsDSVChdfyK0UBWkQxC2WCJdd0KUA/0kQkKDXCV6mwKkXNWkQiHsSChyF+K0X+xkQusWTCJNk+KkuRZkQP18SCZQz5KEOcElQUz0TC1jg1KU0QDlQ S_000002_000
