SEQUENCE: ggaacuacuagccZwwwwwww
SCORE:     score     fa_atr     fa_rep    fa_intra_rep    lk_nonpolar    fa_elec_rna_phos_phos     mg_lig     mg_sol    hoh_ref    rna_torsion    suiteness_bonus    rna_sugar_close    fa_stack    stack_elec    geom_sol_fast    hbond_sr_bb_sc    hbond_lr_bb_sc    hbond_sc        ref    free_suite    free_2HOprime    intermol    other_pose    loop_close    linear_chainbreak    time    missing        rms    rms_fill description
REMARK BINARY SILENTFILE    FULL_MODEL_PARAMETERS  FULL_SEQUENCE ggaacuacuagccZwwwwwww  CONVENTIONAL_RES_CHAIN A:51-59,B:109-112,A:1,w:1001-1007  CUTPOINT_OPEN 9,13-21  DOCK_DOMAIN 1:1-14 2:15 3:16 4:17 5:18 6:19 7:20 8:21  EXTRA_MINIMIZE 2,8  FIXED_DOMAIN 1,9-14  INPUT_DOMAIN 1-2,8-14  SAMPLE 3-7,15-21  WORKING 1-21  RNA_TERMINAL 1,9-10,13  RNA_BLOCK_STACK_ABOVE 9,13  RNA_BLOCK_STACK_BELOW 1,10
SCORE:    16.899    -27.957      5.821           0.431          1.639                   -0.387    -28.227      1.393      6.000         22.228              0.000              5.949     -23.030        -3.141           14.611            -1.027             0.000     -21.392     45.540         0.000            0.000      18.400         0.000         0.000                0.047 16220.300          1      0.992       0.992    S_000001_000
RES_NUM A:51-59 B:109-112 A:1 w:1001-1006 S_000001_000
FOLD_TREE  JEDGE 1 10 2 C4 C4  INTRA_RES_STUB  EDGE 10 12 -1  EDGE 12 13 -1  JEDGE 12 9 1 C2 C2  INTRA_RES_STUB  JEDGE 12 14 3 C2 MG  INTRA_RES_STUB  JEDGE 14 15 4 MG O  INTRA_RES_STUB  JEDGE 14 16 5 MG O  INTRA_RES_STUB  JEDGE 14 17 6 MG O  INTRA_RES_STUB  JEDGE 14 18 7 MG O  INTRA_RES_STUB  JEDGE 14 19 8 MG O  INTRA_RES_STUB  JEDGE 14 20 9 MG O  INTRA_RES_STUB  EDGE 9 7 -1  EDGE 1 6 -1  S_000001_000
RT 0.753288 -0.498441 0.429085 -0.276332 0.352169 0.894213 -0.596823 -0.79217 0.127549 -10.1405 -6.63688 5.66118   S_000001_000
RT 0.895266 0.36751 -0.251863 -0.182616 -0.212948 -0.959846 -0.406387 0.905312 -0.123532 7.79245 -13.4155 -5.53342   S_000001_000
RT 0.270103 0.478919 0.835273 0.936884 -0.330773 -0.113306 0.222021 0.813158 -0.538034 -1.05494 -8.22409 6.99525   S_000001_000
RT 0.493835 -0.74948 -0.440915 0.714008 0.63891 -0.286334 0.496307 -0.173415 0.850651 -2.1 1.11022e-16 7.10543e-16   S_000001_000
RT 0.790796 0.612079 2.41197e-15 -0.612079 0.790796 1.04156e-15 -1.26986e-15 -2.29998e-15 1 2.44249e-15 2.1 6.39488e-15   S_000001_000
RT -0.103085 0.528879 0.842414 -0.856641 -0.477627 0.195034 0.505509 -0.701541 0.502295 7.26119e-15 -1.62151e-15 -2.1   S_000001_000
RT -0.677969 0.710536 -0.188405 0.691663 0.529817 -0.490812 -0.24892 -0.463068 -0.850651 2.1 -1.11022e-16 6.39488e-15   S_000001_000
RT -0.760032 -0.635482 0.136069 0.497263 -0.703457 -0.507817 0.418427 -0.318295 0.850651 8.88178e-16 -2.1 -6.39488e-15   S_000001_000
RT 0.103085 -0.528879 0.842414 0.856641 0.477627 0.195034 -0.505509 0.701541 0.502295 -1.99051e-15 -4.32229e-15 2.1   S_000001_000
ANNOTATED_SEQUENCE: g[RGU:Virtual_Phosphate:BlockStackBelow]gaacu[URA:rna_cutpoint_lower]a[RAD:rna_cutpoint_upper]cu[URA:BlockStackAbove]a[RAD:Virtual_Phosphate:BlockStackBelow]gcc[RCY:BlockStackAbove]Z[MG]wwwwww S_000001_000
LWOMJChqxaG0xLZkQiBRJCxJxiGknvHkQepbKChArXGET3kkQdTaICpZmQGUPKQkQGEYICVjXHG0LddkQkCPHC9TNAGUf/WkQjsFGChqxGG0a8SkQiBZHCBAA2Fk/UBkQiWUICR2OlFkEDCkQxgQFChWkBGkEDEkQ789FCx1juFU149jQBrkFC13PdFklDLkQ5l2CC989GGkQg9iQuzvCCRKc9FE99LjQ7R5BCFYltFUzMHjQDCcDCpvf8F057djQhrPEC5P1GGU6mgjQwfaEClsdPGk8STjQ/UrDCV46PGEAAAjQWOsDCJGEXG0NJyiQlDVFCpZmWGEpwbjQoasFCFtISG0istjQNzEFChWkIGUktxjQ74QICR5mJG0tXskQtWOJCFCgDGkoCckQz1bCCJ9ObGEKz8jQECDBCJWNUGULbojQ0oCHC9Ph2F0xwikQoarHC5HZAGE672jQswYECZ0t/FEtXKkQjLzFCNrDrFUm1ujQw/SGC5zrSFEkgLkQf8TCCB2iGGkkdwiQdoyBCNddhFEFBRjQ6AYBCZMEuFUE75iQXIWGCBCVVGUUg3jQ S_000001_000
LjVYJCtJVlF03DvjQhlnJC9nG7F0epmjQhGhKCVprXFESo1jQ71gICNc8ZFERBdjQyGDICJCcFFUSCijQXM8GC5sa/E0OKTjQA+8FCNUJQFE9JTjQceWHCB5e/EkX67iQ60HIC1fwtE0HA3iQlqUFCtbRQFUYh/iQ509FCF7m+EUi+xiQv6TFCRe5qEk6t0iQ+EEECRek+Fk+8AiQlrnDCFq1qF0T7GiQpEtCCljCiFk3O6hQHMCECBBRgFk++XiQ+o9EC9tZrFUlDjiQtReFC9yB/FUPqeiQLiAFChXEFGkfOMiQ7aVFCdV8NGUDEFiQpTZGCFWPCGUlKuiQ7AbGCZeX0FE5P7iQ3IkFCR6vkFEtb1iQSeuHCZlVFF0o1wjQpcyICF8O7EkfrgjQV7hGCZTGyEE8NYjQKh2HChTmMFEp34iQoLXEClvfNFk86AjQ6P/FCp+dCF0yxiiQnX+FCBRXfEE0O0iQwAsDCNBaCG054zhQmBWCCxo1TFkSl9hQk2YCCNdtpFkEithQns/GCtj0zFE18HjQ S_000001_000
LvZNJC5h9uEUSGkiQGm2JClRWEFkd7kiQOHDKCB7ZbEE9LliQGjVIC1ZxtEECzOiQI0dHCRwPcE028KiQE2qGCZMVfEkXs2hQbr1FC97RyE01k4hQrieHCZsIjE0ObihQa/+HChk/PEkyWZhQp+tFCV6T8EkyYkhQKAfGChUxuE0HGUhQtTlFCpgOgEUVQKhQe45FCVsbDG0qTBhQPiSFCZkr0FEgr7gQhJSFCVP0hFEqkFhQuaBGCB7liF0eiXhQZitGCJAF0FUnZfhQnzoGCdWjDG0ycThQ9CQHCtcnMGUwCZhQUJXHCVX7uFU0VyhQFjDHCRSyaFExc1hQW1PGCF+SSFUH2lhQeQ2GCFR0aEUiCXiQMv/HCxBIPEEvtJiQS7FGC9L1SE0Dj0hQKZOICJAwsEUurlhQnVxEC5gz8E08ZghQEN8GCdrw3EEsgJhQI5wFCJyyfEk/26gQBUxECVnW1F09YugQXYKHClQATGkTDQhQfbyHCFL5MGUEJmhQV9XHCxOiSFE1xBiQ S_000001_000
Ln3YJCtHRQEknONhQ1BOKCZvbgE0gdYhQNr1JCdmTzD0SaMhQLjKJCB+RYEEgS1gQq6NIC5HJOEEevngQ95qHCNqadEURPXgQU3BHCxxXvEUczhgQUcsICN/wnEEChIgQtUEJCtPdaEknSufQyvQHCtdgCFEsQWgQWr/HCVtS8Ek4sBgQmbCHCpOU4E0kxifQG5vIC1vPIGkfhigQ5V9HCR+tDGU1xTgQYPnHCZS/yFELhRgQMnLICpw6mF0h1ggQs7AJCd55tFk2CxgQwXTJChW9BGUKsxgQayFKCJfeGG0+XAhQUMaJC9Y6cFEn49gQWM0ICNdUMFk0S1gQzkDIChcNRF0EqjgQLieHCJstIEkGewgQMepIC1EHCEE4bggQYXAHChe5VEE1fOgQeofJCVzarE0x0QgQVCaGCtsQJFEwnSgQ34oICN2UHFkn26fQRebHCl3puEkhgNfQeMlHChKoIGU5IJgQNTQKClNNOGUaAAhQAOgKCRuECG0TiLhQG+5IC5Kw9E0776gQ S_000001_000
LDmmKCxFzYEU85gfQJkWLCxGzUEUyjEgQ/zpKCZrxIEEJ29eQCRFLCpTMvE0IAOfQmpgKCRsl3EkU+neQmR0KCJqFPFUgsieQExPKCRwGbFU2/FfQneSMCREOVFUlLjeQDL7MCVxISFUzG7dQTpGLC1dGsFUG8RfQi7PMC9OfsFkrfxeQVV5LCFGQ6FUAJPeQXOlLCh8NoFUFO+fQKKJMCBRW5FkCbKgQ8ZOMCR1jFGEMrBgQSglMCNHP2FktoegQ2KfMCBF/iFk9qngQa/7MCRTqgF0zp7gQOB7LCFAQRF0umcgQ3HfLCxjhUFE2nIgQLdiJCJzo1EUUBpeQmk3KCppwvEkxVPeQVmaKCBBHUFk/4HeQyJwMCBPtMFE194eQ60nKCxCw5FU86QfQL8FNCNt0wFUu6+eQzs8LCVuPyFk2P0dQjP4MCZhtSF0SvChQL5UNCBD6sF07NDhQFm2LCFxJDFUyYjgQZCGLCJUhIFEdvAgQ S_000001_000
LNvZOCBRhIFkXe5dQz+RPCRzYaF01urdQY8nOCFfO+EE+tjeQQodOCxeY2E01tVdQjIrPCV9xxEUL4/cQeYdPChO0vE07PQcQGeVOCNMwhEEbsHcQ/wGPC5PXEFEiv4bQPbPQCN09QF0imubQy1lNC1mLpE0GZkbQJ2WOCZVL8EEIoRbQMaDQCJZwpFUyaibQPVVPCNYXrFkaD1aQUSQPChfk0E032xaQGXPMCJATvEUrpzbQiIRLCNUoyE0A6UbQufeLCtPwwEU2quaQaGCKCt2P4EUngkbQEQrJCFe26EkWzOcQxPhICh3+/EUjuXcQb2uKCJAJ3EEdzscQUa8LCdSoxEEefecQciCQCFcSkEEywKdQEQUQCx1S9EEeWFdQW8QQCNNqpEkjSDcQWhfOCNc0MF00cKcQ4dgNCBa9dEEgpObQFwvNC18BHFEqKGbQrtvOCNCvwEEuMYaQ5DVJCdQs6EEQQPbQETkKCFgn4EUOlLdQflpMCljMvEkppzcQ S_000001_000
Ld0DQCFBqpFknUibQ1fJPCBN3yFkV/CcQHybRCp6TyF0FqdbQMlVPCh4QrFU6+0aQMinOCdo79Fk0IpaQyjNNCFNp4FEBPbaQsiqMC1QCoFE3k2aQkzMMCNBYFG0GVeaQffQMCVTgMGU3H7ZQnESLCtLbrFUj28aQjI4KCN/z+FkL9haQp5OQClFFRFU2pubQacbKCZJo3FEFT5ZQB0vHCpI52FUCnycQ9TpHCRYA0FUXRIcQY/mICdQHxFUAdrbQSY0JCt6WxF0KS+bQCSFKClbJ0FEHWpcQOe+ICloC3FkmgEdQ75EJC5l75FkYtudQqvcLCFTdzFkJExcQkK+LCdMUwFUmILcQPsCLCRp4uFUU6qbQwaFPC9kgCGEmeRaQZLlOCJR2DGEFoBbQD+ONCxQazFUMr9ZQV1WMCRxYJGkx04aQ69xKCh70eF0iPzaQepMKCRuuDGEPhwaQWotKCx68AGEKcjZQb2uGCxyB0FEW48bQtJRICxg37FkOBAeQ9T9JCRDG6FE2Z8dQ887MC5tGvFEwNGcQ S_000001_000
LbfBMCFMGZGkNPCaQzP1MC5HgcGU3qnaQLWNMCR6ieGUHbYZQuoeKC1K+ZGUZAPaQJKdJClGbWGUFpyZQgRKICdqiWG0EyKaQp1VIC5izQGEZHyaQeHzHCZ5XhGkO+baQyQRHCp/NnGEDX6ZQiSaHC5hXUG06qQbQq2wGCJoPeG0Fh9aQeIgFCFddbGErAsaQ5xIICRFDWGEeC5bQPrcHCxC0XGEtwfcQX1NGCh0/XGUtwgcQXUKIC1sNZGkqKEdQMmfJCV/9YGUOGCdQJJKKC1ESaGk3UmdQLnNKCFiQXGE0ebcQTBgJCJB1VGkGG4bQl+qJC1GMPG0uuoZQxzaJCdiPbG097ZZQhceHCN1+SGUfe5ZQzTmIC5gwkG0SAoaQGPuGC9f8OG0a3VbQBIqGCFy1jG0FNTbQPpRFCZZigG0qQVaQO1ILClLKaGkfSmdQ57qJC5XYbGkXLBeQPVMLC1RIXGEbIbcQLH+JCReoUGkhBdbQ S_000001_000
L3ReHClbwzG0lo2ZQuYzICdPB3GE+bFaQQeBHCpO41GU6jKZQHGfGC5v04GEzwYaQzhGFC5kY4Gk9oQaQPfXEC9ow7G0bS4aQ8SvECNIw0GEqGbbQzh2ECZ5QGHE+TJbQx1TEC5OfOHkqxvaQvJpEC9TN6GUO0CcQKxQECZQgFHEUN2bQ5l2CCdnvFHklD1bQ1N5FC9894GUf/ccQCs6FC9mE7GErcIdQUN+ECJGE+GUKcddQJbHHCV3k5G0eUcdQ2jSICZ5Q2Gk78JdQCsSJCh/U1GknvfdQlDNIC5QL0GklDdcQXPCHCZQg1GEW5IcQjV4HCRKdRHkLPecQ492EC1MDxG0HvIaQL64ECFeL9GE2y4ZQJ3ZDCtWJ7G0tFzaQoN1FCh3WGHUc3IbQiS6DC5gA3G0ETTcQC8nECxXDLHkFFJcQ9HkCCp2SLHEy5gbQPFJHCpcC7Gk8G7dQnr/IC5MyxGkeMNcQxKAHCJ5B0GkLJqbQ S_000001_000
LxgYKCRhrDHEVjfhQf/ULCFsy8GEVjThQTiJKCFDCCH0Jx2hQEtAJCJFuDHkpbShQ/p2HC1jCJHEUNahQR2+GCNy2LHUzMHhQepzHCpZmNHE8n0gQ2OHGCtHFDH0Gv+gQIF+EC5luCHkuJLhQRLCHChVONHUGEigQmuxFCpvfHH0GvogQhrvEC5QLPH0FZpgQSMgHCZPK/G0w1reQZ7kGCpbSFHUgV+eQNehGChqxIHUFumfQb8iHChrHFHEW58fQx1jICpGv+GksdufQ46hICFCs7GkqxDfQ+TdJCVNe1GERLyeQ+TdJC9Rh8GUwKHgQ0i8ICJbnBH0coXgQtIzHCxgAHHU5QTgQ0MIIClegPH0r6hhQvOYHCtqSEHkdFkhQZ+OKCJa8XHEVu0fQL/SJCFmZYHUE66eQJXfGCxhcSHULaKhQG6mGC1AU8GUtP/gQ9IzGCNcHUH0AlbgQ0KkFC5UwBHEnmegQiHJECZxeNHU0R1gQAc1FCNRjHHkK8reQE8YJCh3dzGUN7TeQWgNKCF05yG09ZDfQtBXJCN2nBHEt2lgQ S_000001_000
LqGXECFtI3GklDPhQ2OfFCtyhvGUNeRhQiWUDC9na4G0cofhQnErDCZ78zGE+T5gQHvkCCZkt5GkvfygQuecCCZkt2GUKcbgQXPyDC5QL1GEUNUgQGZzBC125rGUktXgQQglAC9owtGUzMNgQqxrDCpvfvGE+TBgQlYwCCpFZmGkSMIgQlYACCtHFiGUKctfQBr0GCxKHhGUiBReQ1NhFCJaRkGk78NeQdo9ECpFZjGEtIndQzMzECJGEoG0HFueQ67fFChpboG01jSfQShzGCBVjlGkrHZfQ/UjHCR0ihGksd2eQtduIC14leGU461eQnELHCtxLnG0coBgQf/EGChU4qGkmZKgQBWBFCdR2rGklD5fQlwvCCttWBHEKn0gQq1yBClAo3GUoC7gQhrACCdFm8GUIvTgQjZrBCR1ToGkQflgQK6TDCdWDzGELWpfQyoTDCl9AhGk+cPgQsvnCCZBjeG0jhZfQuXQHC9TZeG0pE3dQX8BECxFjlGE5uidQ+DfFCBKmgGUtFPdQYwAGCVs2sGkJiZgQ S_000001_000
Lwfa+Bd++qG0eUYgQHaR+BhpbwGUwKtgQBrc8BZ6msG00NHgQiBh+BV3keGULyegQdoF+B5QLWG0OfPgQBW59B1hWLGkvfagQiBRACx1jGG0KHcgQ5l+8B557LGkQgxgQFuO6BBW5KGEZ7ygQaReAC9mECGUIwwgQKxQ+BtxLCG0Of7gQ5Q78BxLdxFEDC2gQuzfBClX6HG0is9gQnEDCC14lDGErcQhQlDtBChWk1FUHaXhQzh+CCJGEJG0FZbhQqGXDCBrcSGkpbUhQHaRECJbnXGkZmfhQjs1CCxgAXGkZmBhQCs6BCtyhRGEQ12gQIKl/Bx4FWGU/UFgQJJb8BZhlXG0psHgQ99v8B1bqGGE46RgQf5i9BlVxSGEms3gQyVwACZzS1FkHlugQava+BRI8CG0hCLhQDai8BFZYpFkYGDhQYRlECROqeG0Z2ahQj4oECVlaUGUJqshQSQJDC1fAeGErf8gQh+iBC5gnUGkXtpgQ S_000001_000
LTix4BNIwNGEW5IhQgV+5BRgVXGEueShQPK81BhqxNGUiBDhQvJh5B9S3EGUPKahQ03P4BdTi1FUjXahQepb5B1MzoFkvfshQpbS8B5P1qFkSMqhQam54BpbSyFkmZCiQUNe2BB/pqF0coJiQIFe9BNdTqFECs+hQnvP7B99TpFUwKPiQMdD7BNy2TFU14ViQY6G/BhrH9FkpbCiQCBWACpa88FU3kUiQ4PVACJwKtF0eUgiQY6GBCFDCHGEZ7YiQsHFBChpbPGEDCMiQMI4BCJxgXGU2ORiQ1NRACRLyPGUHa5hQ2jC/BJwKHGk/U1hQmRj7BtJyRGEeUkiQOjj4BZGcuFEumMhQ3kU2BRAm3FknYchQW734BlW2ZF0tBrhQwh54B9y9AG0aWBiQjBj+B5vPdFkwn/hQFHp7BR0LyF0bsbiQG7P5BhFPRFEiYbiQil5BCdr8dGk8SIiQKTcCCJgCXGEpAeiQz7QAC1YEWGE2BwhQQg59BFQKHGkDmohQ S_000001_000
LaRWLC989kG0jCVgQi1mLCZgssG0jCVgQ2FUMC9b5iG0jCVgQaRWLC989kG0jCFgQStFLChZPdG0jCVgQ+cYKC9dCnG0jCVgQaRWLC989kG0jClgQ S_000001_000
LrD5LCBhM1G0jCVgQxoWLC52Q6GEGcNgQjyxMCNNE4Gk+XUgQ S_000001_000
L7FYNC5qngG0jCVgQY2IOClYQlG0jCVgQdxvNCdrjZG0jCVgQ S_000001_000
LaRWLC989kGkU4mfQ/UHMClfgiGUWZXfQrfmKChttiGEc9VfQ S_000001_000
LKfzKC5YvUG0jCVgQyz/JChLGRG0i2YgQx4TLC5LjPGEAONgQ S_000001_000
L6cUJCBPUpG0jCVgQe+qICRhrkGkboOgQtTAJCdOYwGkX7RgQ S_000001_000
LaRWLC989kGk9o2gQ1NlKCVabnGkcY+gQJDGMCZMOnG0ZG/gQ S_000001_000
SCORE:    16.911    -27.775      5.558           0.422          1.515                   -0.363    -28.394      1.391      6.000         21.997              0.000              5.855     -22.805        -3.018           14.283            -0.416             0.000     -21.331     45.540         0.000            0.000      18.400         0.000         0.000                0.051 15609.840          1      0.984       0.984    S_000002_000
RES_NUM A:51-59 B:109-112 A:1 w:1001-1006 S_000002_000
FOLD_TREE  JEDGE 1 10 2 C4 C4  INTRA_RES_STUB  EDGE 10 12 -1  EDGE 12 13 -1  JEDGE 12 9 1 C2 C2  INTRA_RES_STUB  JEDGE 12 14 3 C2 MG  INTRA_RES_STUB  JEDGE 14 15 4 MG O  INTRA_RES_STUB  JEDGE 14 16 5 MG O  INTRA_RES_STUB  JEDGE 14 17 6 MG O  INTRA_RES_STUB  JEDGE 14 18 7 MG O  INTRA_RES_STUB  JEDGE 14 19 8 MG O  INTRA_RES_STUB  JEDGE 14 20 9 MG O  INTRA_RES_STUB  EDGE 9 7 -1  EDGE 1 6 -1  S_000002_000
RT 0.753288 -0.498441 0.429085 -0.276332 0.352169 0.894213 -0.596823 -0.79217 0.127549 -10.1405 -6.63688 5.66118   S_000002_000
RT 0.895266 0.36751 -0.251863 -0.182616 -0.212948 -0.959846 -0.406387 0.905312 -0.123532 7.79245 -13.4155 -5.53342   S_000002_000
RT 0.270103 0.478919 0.835273 0.936884 -0.330773 -0.113306 0.222021 0.813158 -0.538034 -1.05494 -8.22409 6.99525   S_000002_000
RT 0.493835 -0.74948 -0.440915 0.714008 0.63891 -0.286334 0.496307 -0.173415 0.850651 -2.1 -3.66374e-15 -2.13163e-15   S_000002_000
RT 0.790796 0.612079 -2.54245e-15 -0.612079 0.790796 2.9392e-15 3.80959e-15 -7.68122e-16 1 5.77316e-15 2.1 2.13163e-15   S_000002_000
RT -0.103085 0.528879 0.842414 -0.856641 -0.477627 0.195034 0.505509 -0.701541 0.502295 5.91608e-15 -2.42553e-15 -2.1   S_000002_000
RT -0.560825 0.806212 0.188405 -0.657276 -0.57192 0.490812 0.503451 0.151426 0.850651 2.1 4.55191e-15 2.13163e-15   S_000002_000
RT -0.760032 -0.635482 0.136069 0.497263 -0.703457 -0.507817 0.418427 -0.318295 0.850651 -4.10783e-15 -2.1 4.9738e-15   S_000002_000
RT 0.297504 -0.337169 0.893201 0.807283 0.588306 -0.0468107 -0.509692 0.734992 0.447214 -2.48442e-15 3.34504e-15 2.1   S_000002_000
ANNOTATED_SEQUENCE: g[RGU:Virtual_Phosphate:BlockStackBelow]gaacu[URA:rna_cutpoint_lower]a[RAD:rna_cutpoint_upper]cu[URA:BlockStackAbove]a[RAD:Virtual_Phosphate:BlockStackBelow]gcc[RCY:BlockStackAbove]Z[MG]wwwwww S_000002_000
LWOMJChqxaG0xLZkQiBRJCxJxiGknvHkQepbKChArXGET3kkQdTaICpZmQGUPKQkQGEYICVjXHG0LddkQkCPHC9TNAGUf/WkQjsFGChqxGG0a8SkQiBZHCBAA2Fk/UBkQiWUICR2OlFkEDCkQxgQFChWkBGkEDEkQ789FCx1juFU149jQBrkFC13PdFklDLkQ5l2CC989GGkQg9iQuzvCCRKc9FE99LjQ7R5BCFYltFUzMHjQDCcDCpvf8F057djQhrPEC5P1GGU6mgjQwfaEClsdPGk8STjQ/UrDCV46PGEAAAjQWOsDCJGEXG0NJyiQlDVFCpZmWGEpwbjQoasFCFtISG0istjQNzEFChWkIGUktxjQ74QICR5mJG0tXskQtWOJCFCgDGkoCckQz1bCCJ9ObGEKz8jQECDBCJWNUGULbojQ0oCHC9Ph2F0xwikQoarHC5HZAGE672jQswYECZ0t/FEtXKkQjLzFCNrDrFUm1ujQ3kSGC9EkSF0KTLkQf8TCCB2iGGkkdwiQdoyBCNddhFEFBRjQ6AYBCZMEuFUE75iQXIWGCBCVVGUUg3jQ S_000002_000
LdLYJCt0SlFEnBvjQvsnJCtLE7FE6omjQOygKCBHkXFUNi1jQ1WgICxa/ZF0t/cjQtrDICpQWFFUZ1hjQhB9GClEP/E056SjQx78FC9XwPFUnFTjQqMXHC5mm/Ekuq7iQ8cJIC1oFuEEKl2iQKoUFCBd/PFUCa/iQvj+FCF9h+EEzvxiQMlVFCNvrqEkHY0iQ4KCECVGo+FkgPBiQNdmDCJiyqF0MEHiQWEsCCBV+hFUeU6hQDaBEC1lIgFEyBYiQUj8ECpVTrFU3KjiQGhcFCB6B/FEB7eiQpT+ECxNHFGUtlMiQdkSFCBYCOG0CkFiQBdXGChQPCGU5cuiQ4wZGCV0Q0F0xZ7iQtXjFC5GlkFEre1iQUHvHCBKDFFk7owjQJizIC1oT7EUHYgjQcejGClSyxEUD3XjQWi2HClc2MFkUv4iQtPXEC5kDNFknwAjQlv/FCVIfCFUjkiiQt4AGCl0VfEUEn0iQ40pDChndCG0NP0hQbgVCC1ssTF0Ak9hQnhXCCRHtpFUHsthQMi+GCxJszF0nFIjQ S_000002_000
LrpLJCtLVvEU67iiQJxwJCJNMFF0dgiiQHNFKC94ecEEMOkiQzvQIC5BosEkDTOiQvceHC1T8ZEU+TLiQjGlGCtc5bE0GA4hQAWtFCpPUuEEIZ6hQD6RHC1zpfEEXuihQDjyHCZVmMEU2gZhQoDfFCRkA4EkfLmhQBcMGCdETqEUPYVhQRuRFC1Y/aEE4NNhQPKqFC9GmAG0gTAhQwDDFChoxuF0KX7gQx3CFCtHTcFUk9FhQOEyFCRqydFkR5XhQN8dGCFMmvF0OGfhQCBZGCZ6EBGkzbShQrAAHCVWQKGEFWXhQ3iHHChwMrF0jOyhQ7L0GCBKLXFk6F2hQhoAGCx1DOFE6zmhQf/6GC1WpXE04CYiQEbEICFnnNEEVaJiQR5BGClm9OEUf42hQgCBICl5ypEkc1khQyjhEChAX4Ek3GjhQn6kGCx1IzEk98JhQIKxFCFwEOEk1FJhQD4hECdy6uFENDugQAO6GCR1dQGkB4NhQxViHChyyKGE4akhQ6pIHC5XaPFEquCiQ S_000002_000
LVgIJCFIcNEUiuLhQL0DKCR2obEk/qXhQWtgJC9qptDECvHhQqr0ICp2XYE02O1gQyH6HCVn7OEUppmgQG3cHC1KveEEx8VgQjY0GCdf7wE0ZPggQG2iIC5cpoEkVPIgQvd8ICNnUbE00EufQBrHHCRk9DF0yCVgQZh6HCtzo9E0AHBgQQvAHChga6E04uffQNKvICZpfIGkLBjgQMc/HClBNEGEObTgQQ4mHCtyL0F00wQgQIDFICxwynF0/pggQpz2ICVHSuFUSwxgQ0ZMJC5RDCGUqvygQLA8JCVTVGG0oRChQw0JJCJ+EdFUk++gQZwjICNg2MF0xu1gQV64HC1rLSFEdTjgQCKIHCxtuJEUMlugQQ4VIC5C0CEkZifgQSGzGCxUvXEUKkMgQUsUJCVyvrEUPQRgQ6mSGCtjHLFkxtQgQWHmICxxXIFUiP7fQlUbHClW4wEkCtKfQZ0rHCR9NJG0DaIgQ79IKCxZAOGUAHChQd6RKCxF0BGEu2NhQmtlICF2P+EkNc7gQ S_000002_000
LOrfKCtbxYE0YTjfQwRLLCxvoUEU/VGgQNJkKCRvhIEUQsAfQV7CLClVzuEU7rQfQUUhKCtwj3E0lSqeQYO2KCVnCPF0BCmeQ/zPKCFq5aFEkCJfQGlUMC1A7UFUvSoeQm5/MCRK+RFUz3AeQIMGLCBzvrF0OGWfQg+RMCp+GsFU2H3eQZu+LC5KJ6F0nsUeQuNhLCBbznFE0dBgQmAGMCVlt4FU+7MgQ07OMCdDLFGUHGEgQ7KfMCxpi1FE0ZhgQT6UMCdVciFUPiqgQIsuMC9VDgFUHx+gQ/xvLCdt7QFECUfgQ5DXLCF7QUFEIFLgQ7AjJCVuw1E02MqeQho5KC1C2vEkO2ReQ0leKCRYUUFEK9KeQiYwMC9/MMF0fX+eQPonKCJ2a5FEhhUfQlFHNCx9MwFEnsFfQi+9LC1R9xFkK+5dQjBoMC9cNSFkg7FhQ0RINCRGJsFUGcGhQfdoLCZk8CF0tKmgQaX9KCxkaIFUqFDgQ S_000002_000
La9cOC9neHFEtcAeQrAVPCRzoWFkg8XeQrxROChSVxE0FwQeQlR+OChvCGFUAXQdQl70PC1CK1EE8FDdQWHiPCNiQuEEkyVcQtWXOCZwegEkfDVcQWSMPCpqBAFUmX2bQ3oVQChkmKFE7EmbQ3jnNCBeCkEErZvbQCwYOCFcT0EEPVUbQzRQQC5kijFkL6ZbQK4SPCJ1UmF0xlxaQBFPPCZVJpE0th3aQAnRMCp07rEUl47bQ3BULClh5sEUrKcbQaihLCZ+mnEErP3aQ5dFKCdgS0EUnMpbQ4guJCVct6E0D0RcQP/kIC1NABFEpdYcQobxKCBqR5EUL9wcQXh+LCNPHyEEwJlcQP9sPCBC6oEEvQWdQsfwQCxY+5E0E2EdQgVTQC1JPmEERyKcQ8SnOCRIhKFkwlEcQfXhNCltqWE0tTfbQNxxNCpfA+E0uOFbQevAQCFxHyEEK7waQ94YJCFwG1EUgNTbQhwmKC19f9EUBsOdQEPrMChDTxEElC7cQ S_000002_000
LfgQQCtkWjFEY8ZbQzvnPCNcKuFEdA/bQwfoRCNDepFkb4MbQkQTPCtiOmFE1kxaQr0lOC9Pn5FEn3qaQnvJNCRHf1FU9+eaQ0GlMCtuxlFUs37aQYlNMCxfREGUrUiaQPOSMCJdLLGkWa+ZQEyNLCdzbqFkmFDbQRn2KCd679F0H4naQtBVQC9IoKFk9HmbQ0WVKCJ102FkqCAaQNwxHC5Ay4Fkbh6cQjQpHCJOp1FU/VQcQSZlICtZ/xFU2DzbQqdzJCVnrxFkCLFcQUXGKCpjo0F02+vcQtCBJC95W4FEfsLdQtdJJC93f7F0Ev1dQs8dLCRCOzFUF72cQOe9LCtIgvFU5yQcQjoALC1iXuFUtKxbQraBPCJB1AGUnvTaQMmnOCd/EBGkaIFbQwmHNCZ13vF0atBaQDTbMCl1VIG0yQ8aQ5CrKCJLLeFEIG6aQbQOKCl+qDGU602aQPcmKCRKdAGU5npZQ3auGCBvG2FkPfFcQUrWIC5cB+Fk/cHeQNXCKC9eQ7FUD6CeQm26MCBDttFkdWLcQ S_000002_000
Leq/LCdBrXGEcEEaQIhzMCNkJbG0HXpaQ0NPMCVLkcGE1dZZQp5cKCRKVZGkQuPaQWAbJCRvEWG0vCzZQ/CIICZVSWGUBHLaQdETIClyiQGE1dyaQulxHC5UJhGURQcaQtNQHCpUBnGktm6ZQx5XHC1xMUG0ZFRbQVCvGC5+FeGkMx9aQ8PeFCt9WbG0pNsaQr6GICVC5VGEwS5bQHVbHCNdwXGEgFgcQ6gMGC1dBYGUJShcQBcJIChgKZGk0VEdQMreJC5C1YGkxDCdQcrJKChtJaG0aJmdQZLMKC9ABXGEdXbcQTIeJClMlVG0aI4bQpunJCRn2OG0mnoZQmhZJCdnAbGkOsaZQDCcHC5axSGUex5ZQ4+kICdlekGUpToaQPfrGCJt1OGkBiWbQ1foGCRhtjG0ZYTbQsdPFCFKigGUe3VaQzWILChu9ZGE98ldQn0qJC5hUbG0VDBeQg4KLC9o0WG0+2acQN37JC1LUUG0vAdbQ S_000002_000
LTBeHCF6izGk532ZQeSzICRfu2G0puFaQqdBHCRSs1GU2xKZQEEfGChTr4GkD9YaQzhGFC5kY4Gk9oQaQPfXEC9ow7G0bS4aQ8SvECNIw0GEqGbbQzh2ECZ5QGHE+TJbQx1TEC5OfOHkqxvaQvJpEC9TN6GUO0CcQKxQECZQgFHEUN2bQ5l2CCdnvFHklD1bQ1N5FC9894GUf/ccQCs6FC9mE7GErcIdQUN+ECJGE+GUKcddQJbHHCV3k5G0eUcdQ2jSICZ5Q2Gk78JdQCsSJCh/U1GknvfdQlDNIC5QL0GklDdcQXPCHCZQg1GEW5IcQjV4HCRKdRHkLPecQHV2ECBpFxGEtfIaQTk5ECVdP9GE654ZQJ3ZDCtWJ7G0tFzaQoN1FCh3WGHUc3IbQiS6DC5gA3G0ETTcQC8nECxXDLHkFFJcQnHkCCZnYLHEuThbQPFJHCpcC7Gk8G7dQnr/IC5MyxGkeMNcQxKAHCJ5B0GkLJqbQ S_000002_000
LxgYKCRhrDHEVjfhQf/ULCFsy8GEVjThQTiJKCFDCCH0Jx2hQEtAJCJFuDHkpbShQ/p2HC1jCJHEUNahQR2+GCNy2LHUzMHhQepzHCpZmNHE8n0gQ2OHGCtHFDH0Gv+gQIF+EC5luCHkuJLhQRLCHChVONHUGEigQmuxFCpvfHH0GvogQhrvEC5QLPH0FZpgQSMgHCZPK/G0w1reQZ7kGCpbSFHUgV+eQNehGChqxIHUFumfQb8iHChrHFHEW58fQx1jICpGv+GksdufQ46hICFCs7GkqxDfQ+TdJCVNe1GERLyeQ+TdJC9Rh8GUwKHgQ0i8ICJbnBH0coXgQtIzHCxgAHHU5QTgQ0MIIClegPH0r6hhQvOYHCtqSEHkdFkhQZ+OKCJa8XHEVu0fQL/SJCFmZYHUE66eQJXfGCxhcSHULaKhQG6mGC1AU8GUtP/gQ9IzGCNcHUH0AlbgQ0KkFC5UwBHEnmegQSHJECVveNH0vR1gQAc1FCNRjHHkK8reQE8YJCh3dzGUN7TeQWgNKCF05yG09ZDfQtBXJCN2nBHEt2lgQ S_000002_000
LqGXECFtI3GklDPhQ2OfFCtyhvGUNeRhQiWUDC9na4G0cofhQnErDCZ78zGE+T5gQHvkCCZkt5GkvfygQuecCCZkt2GUKcbgQXPyDC5QL1GEUNUgQGZzBC125rGUktXgQQglAC9owtGUzMNgQqxrDCpvfvGE+TBgQlYwCCpFZmGkSMIgQlYACCtHFiGUKctfQBr0GCxKHhGUiBReQ1NhFCJaRkGk78NeQdo9ECpFZjGEtIndQzMzECJGEoG0HFueQ67fFChpboG01jSfQShzGCBVjlGkrHZfQ/UjHCR0ihGksd2eQtduIC14leGU461eQnELHCtxLnG0coBgQf/EGChU4qGkmZKgQBWBFCdR2rGklD5fQlwvCCttWBHEKn0gQq1yBClAo3GUoC7gQhrACCdFm8GUIvTgQjZrBCR1ToGkQflgQK6TDCdWDzGELWpfQyoTDCl9AhGk+cPgQsvnCCpBjeGEjhZfQuXQHC9TZeG0pE3dQX8BECxFjlGE5uidQ+DfFCBKmgGUtFPdQYwAGCVs2sGkJiZgQ S_000002_000
Lwfa+Bd++qG0eUYgQHaR+BhpbwGUwKtgQBrc8BZ6msG00NHgQiBh+BV3keGULyegQdoF+B5QLWG0OfPgQBW59B1hWLGkvfagQiBRACx1jGG0KHcgQ5l+8B557LGkQgxgQFuO6BBW5KGEZ7ygQaReAC9mECGUIwwgQKxQ+BtxLCG0Of7gQ5Q78BxLdxFEDC2gQuzfBClX6HG0is9gQnEDCC14lDGErcQhQlDtBChWk1FUHaXhQzh+CCJGEJG0FZbhQqGXDCBrcSGkpbUhQHaRECJbnXGkZmfhQjs1CCxgAXGkZmBhQCs6BCtyhRGEQ12gQIKl/Bx4FWGU/UFgQJJb8BZhlXG0psHgQ99v8B1bqGGE46RgQf5i9BlVxSGEms3gQyVwACZzS1FkHlugQava+BRI8CG0hCLhQzYi8BZeYpFUZGDhQYRlECROqeG0Z2ahQj4oECVlaUGUJqshQSQJDC1fAeGErf8gQh+iBC5gnUGkXtpgQ S_000002_000
LTix4BNIwNGEW5IhQgV+5BRgVXGEueShQPK81BhqxNGUiBDhQvJh5B9S3EGUPKahQ03P4BdTi1FUjXahQepb5B1MzoFkvfshQpbS8B5P1qFkSMqhQam54BpbSyFkmZCiQUNe2BB/pqF0coJiQIFe9BNdTqFECs+hQnvP7B99TpFUwKPiQMdD7BNy2TFU14ViQY6G/BhrH9FkpbCiQCBWACpa88FU3kUiQ4PVACJwKtF0eUgiQY6GBCFDCHGEZ7YiQsHFBChpbPGEDCMiQMI4BCJxgXGU2ORiQ1NRACRLyPGUHa5hQ2jC/BJwKHGk/U1hQmRj7BtJyRGEeUkiQOjj4BZGcuFEumMhQ3kU2BRAm3FknYchQW734BlW2ZF0tBrhQwh54B9y9AG0aWBiQjBj+B5vPdFkwn/hQFHp7BR0LyF0bsbiQOlQ5BdlTRFUGobiQil5BCdr8dGk8SIiQKTcCCJgCXGEpAeiQz7QAC1YEWGE2BwhQQg59BFQKHGkDmohQ S_000002_000
LaRWLC989kG0jCVgQi1mLCZgssG0jCVgQ2FUMC9b5iG0jCVgQaRWLC989kG0jCFgQStFLChZPdG0jCVgQ+cYKC9dCnG0jCVgQaRWLC989kG0jClgQ S_000002_000
LrD5LCBhM1G0jCVgQxoWLC52Q6GEGcNgQjyxMCNNE4Gk+XUgQ S_000002_000
L7FYNC5qngG0jCVgQY2IOClYQlG0jCVgQdxvNCdrjZG0jCVgQ S_000002_000
LaRWLC989kGkU4mfQ/UHMClfgiGUWZXfQrfmKChttiGEc9VfQ S_000002_000
LKfzKC5YvUG0jCVgQOfRLC5hSPG0FVNgQD1+JCtnbRG09NZgQ S_000002_000
L6cUJCBPUpG0jCVgQe+qICRhrkGkboOgQtTAJCdOYwGkX7RgQ S_000002_000
LaRWLC989kGk9o2gQDOrKC5LxoGEjc+gQQ8HMClPTlGUHl/gQ S_000002_000
SCORE:    16.822    -27.975      5.684           0.434          1.595                   -0.332    -28.349      1.392      6.000         21.865              0.000              5.926     -22.987        -3.135           14.407            -0.416             0.000     -21.272     45.540         0.000            0.000      18.400         0.000         0.000                0.047 15988.580          1      1.012       1.012    S_000003_000
RES_NUM A:51-59 B:109-112 A:1 w:1001-1006 S_000003_000
FOLD_TREE  JEDGE 1 10 2 C4 C4  INTRA_RES_STUB  EDGE 10 12 -1  EDGE 12 13 -1  JEDGE 12 9 1 C2 C2  INTRA_RES_STUB  JEDGE 12 14 3 C2 MG  INTRA_RES_STUB  JEDGE 14 15 4 MG O  INTRA_RES_STUB  JEDGE 14 16 5 MG O  INTRA_RES_STUB  JEDGE 14 17 6 MG O  INTRA_RES_STUB  JEDGE 14 18 7 MG O  INTRA_RES_STUB  JEDGE 14 19 8 MG O  INTRA_RES_STUB  JEDGE 14 20 9 MG O  INTRA_RES_STUB  EDGE 1 5 -1  EDGE 9 6 -1  S_000003_000
RT 0.753288 -0.498441 0.429085 -0.276332 0.352169 0.894213 -0.596823 -0.79217 0.127549 -10.1405 -6.63688 5.66118   S_000003_000
RT 0.895266 0.36751 -0.251863 -0.182616 -0.212948 -0.959846 -0.406387 0.905312 -0.123532 7.79245 -13.4155 -5.53342   S_000003_000
RT 0.270103 0.478919 0.835273 0.936884 -0.330773 -0.113306 0.222021 0.813158 -0.538034 -1.05494 -8.22409 6.99525   S_000003_000
RT 0.493835 -0.74948 -0.440915 0.714008 0.63891 -0.286334 0.496307 -0.173415 0.850651 -2.1 -7.54952e-15 -6.39488e-15   S_000003_000
RT 0.790796 0.612079 -2.28149e-15 -0.612079 0.790796 5.02231e-15 4.87824e-15 -2.57518e-15 1 -6.88338e-15 2.1 7.10543e-16   S_000003_000
RT -0.103085 0.528879 0.842414 -0.856641 -0.477627 0.195034 0.505509 -0.701541 0.502295 2.48327e-15 4.87281e-15 -2.1   S_000003_000
RT -0.677969 0.710536 -0.188405 0.691663 0.529817 -0.490812 -0.24892 -0.463068 -0.850651 2.1 1.44329e-14 -7.10543e-16   S_000003_000
RT -0.760032 -0.635482 0.136069 0.497263 -0.703457 -0.507817 0.418427 -0.318295 0.850651 3.21965e-15 -2.1 -7.81597e-15   S_000003_000
RT 0.297504 -0.337169 0.893201 0.807283 0.588306 -0.0468107 -0.509692 0.734992 0.447214 -8.90636e-16 2.91002e-15 2.1   S_000003_000
ANNOTATED_SEQUENCE: g[RGU:Virtual_Phosphate:BlockStackBelow]gaac[RCY:rna_cutpoint_lower]u[URA:rna_cutpoint_upper]acu[URA:BlockStackAbove]a[RAD:Virtual_Phosphate:BlockStackBelow]gcc[RCY:BlockStackAbove]Z[MG]wwwwww S_000003_000
LWOMJChqxaG0xLZkQiBRJCxJxiGknvHkQepbKChArXGET3kkQdTaICpZmQGUPKQkQGEYICVjXHG0LddkQkCPHC9TNAGUf/WkQjsFGChqxGG0a8SkQiBZHCBAA2Fk/UBkQiWUICR2OlFkEDCkQxgQFChWkBGkEDEkQ789FCx1juFU149jQBrkFC13PdFklDLkQ5l2CC989GGkQg9iQuzvCCRKc9FE99LjQ7R5BCFYltFUzMHjQDCcDCpvf8F057djQhrPEC5P1GGU6mgjQwfaEClsdPGk8STjQ/UrDCV46PGEAAAjQWOsDCJGEXG0NJyiQlDVFCpZmWGEpwbjQoasFCFtISG0istjQNzEFChWkIGUktxjQ74QICR5mJG0tXskQtWOJCFCgDGkoCckQz1bCCJ9ObGEKz8jQECDBCJWNUGULbojQ0oCHC9Ph2F0xwikQoarHC5HZAGE672jQswYECZ0t/FEtXKkQjLzFCNrDrFUm1ujQilSGC9QkSF0fTLkQf8TCCB2iGGkkdwiQdoyBCNddhFEFBRjQ6AYBCZMEuFUE75iQXIWGCBCVVGUUg3jQ S_000003_000
LqCYJC1yQlFUp/ujQWhnJC1TB7FkdkmjQorgKC1aiXFkbf1jQCFgICZ67ZFUbAdjQKwCICJUYFFEC+hjQLA8GChZT/EEVETjQcM8FC9E5PF0/LTjQ+MWHCdMl/EEM07iQwIIICBs/tEUqx2iQ76TFC1wHQFE5g/iQYj9FC9el+E0H5xiQROUFCFiyqEE+j0iQ1YCECBQo+FEZLBiQwamDCtA1qFUFDHiQJBsCCl9AiFEeT6hQ5IBECRGNgF0YDYiQRV8EChWXrFE8LjiQuicFCJtD/FEO5eiQ7k+ECpCHFG0/gMiQPFTFCtFBOGkgcFiQ2bXGCNVQCGkobuiQ0eZGCdUV0Fkob7iQK9iFCh4qkFkCi1iQYFuHC16NFFkJxwjQqTyICpVP7EEMmgjQNOiGCVN5xEErCYjQgy1HCROyMF0u24iQ1fWECV3PNFkg4AjQc0+FCxigCFkWtiiQ/a/FC97bfEE1L1iQzMqDCx/cCG0QJ0hQzRVCCZ8wTFUGl9hQNpXCCZQupF0GpthQVK+GCJcxzFEkIIjQ S_000003_000
LxNKJCd8FvEkPGjiQWmvJCR+6EFEGjiiQ2iDKCZNNcEEuckiQsIPICBaVsE01fOiQD3bHCpHyZEkRvLiQXGjGCRynbEUxT4hQ7YrFCtBFuEEtd6hQqjQHClPNfEEsFjhQRSxHC9lEMEUREahQdzdFCFBp3EkCLmhQBlLGC1PzpEU5iVhQK/QFC1HeaE0sXNhQe8nFC19VAG0LBAhQexAFCx6PuFUgM7gQd2AFCx3zbFEM3FhQibwFCB7XdF0buXhQQbcGCRcNvFEdzehQOMXGCBD3AGELFShQWQ+GChMDKGkz3WhQ7cGHCxw4qFEL5xhQ2NzGC963WF0121hQdW/FCdrsNFkbrmhQ+93GC5j0XEE5cYiQcLBIC5ETNEUYGKiQ/1/FCRUsOE06N3hQNu/HCpfVpEk3NlhQLYgECFt93EknAjhQMekGCdkjyEkAHKhQ8FwFCxnTNE0c7JhQVTfECNvVuFkZ7tgQBP4GCljPQGkYXNhQa3gHC9RnKG0W5jhQT+HHCdOKPF0lfCiQ S_000003_000
LLKGJC594MEUk7LhQpZCKC9zEbEUNmXhQf6dJCVWhsD0A3HhQ31wICdozXEU2g1gQXjzHCJKrOEkecngQMpXHCFZZeEkahWgQiPwGCle4wE0GjggQ7geIC911nE0JxIgQBu3IClrKaEUzmvfQdtEHCxjrDFkNCVgQwm3HCVp38EUNRBgQlA+GCNlm5E0U/ffQRUtIC9gZIGkC9hgQWU9HCZwBEG0QgSgQUekHCFc0zFEfHQgQgqCICl7mnFkYJggQTs0ICZsRuFkGIxgQqkKJCd3CCGUs0xgQ3c6JCFAaGGkgNBhQ+oHJC9eOdFEjj+gQERhIC1e6MFEvi1gQQS2HCJwCSFkBFjgQGaBHCVcMKEEJvvgQCpMIC1IHCEkCfggQFktGCppdXE0bLNgQvVQJCx74qEkpzRgQM/PGCld4KFElhQgQR6jICZvYHFEVX7fQjYYHChc4vEUVPLfQzspHCNq+IGU0XHgQzmHKCdqEOG0w1AhQHYQKCV/8BGE94MhQnGjICFeY+EU/b7gQ S_000003_000
LxPaKClZjYEUwlifQGzJLCFvdUEUhcFgQz5dKCVonIEEYY/eQOC5KCVEAvE0g/PfQ0FUKCtem3EEeOqeQRhrKChj1OF0FNkeQJ5HKCRtibFUowGfQZlKMClhDUF0RLleQn4zMCRMPQFEwg9dQx+ALCpxDsF0ZjSfQ3QLMC5ycrFUgsyeQk0TOCB4/GFkI78dQHIbOCRRT1EkaaYdQu63LChHI5FEmtPeQTjdLCtiQoFEmM/fQwjDMC5MN5FkswKgQ1OMMCdIYFGkFvBgQAJeMChkK2FUmIfgQyHUMCp/JjFU7dogQkUvMCtH5gF0Rm8gQNytLCBCnRFE5jdgQfqTLCpB0UFUtaJgQ2rVJCdgV2EEMDseQDcoKCtIavEUEgReQbbTKCds1TFUTBJeQBTmMC5wcLFkLd7eQFYkKC5U/5F0k1QfQnfBNClkXvFE+ZAfQeN9LCt4AxFUrB1dQs3oMChmHTF0y5DhQQvJNCBdAtFUWDEhQwpmLCdKsDF09jkgQ3H5KCR87IFUEpBgQ S_000003_000
LCNTOCBJFHFUi78dQkXKPClBbZF0FrwdQLOgOCVgb8EEj6meQouaOC5sW1E02fYdQrMpPCNN2xEUVtCdQpIcPCpS6vEUsBTcQyNUOChC5hEULNKcQHIGPCl/eEFk7d7bQ+HPQCtf/QFUydxbQr0kNCd+apEk07mbQQWWOCpwW8E0tQUbQQ2zMCJMGQFEip9dQY4PPClSr0EEom0aQ3dOMChQqvEUxK2bQTfQLCZTNzEkKZXbQJ+dLCV8axEElJxaQ9jBKCtu74EkT+mbQNmqJChCd7EEVRRcQrtgIC5+sAFEELacQA8tKC1Th3EEeTvcQ+Y7LCRp5xEE7AhcQNSDQChIokE06ZNdQT3PQCBZ29EEJcIdQj7PQC9avpEEGVGcQw6eOCJi/MFkDGNcQrNfNCxhOeEEkJRbQojvNCJbQHFUVuIbQ+y9PCxOK/EUdowaQysUJCJ4h7EEksRbQbSjKCBM74EkkFOdQ2YoMCtKUvEEgM2cQ S_000003_000
LWqFQChCQqFkmBpbQXWIPCtp9yF0q2IcQy3cRCVhhzFUNzlbQEFaPCV8prF0ZA7aQeXtOC1nV+F01BuaQwTUNCxwH5Fk2neaQWUvMCpjgoF0hS5aQljTMCRaoFGEavgaQkfZMCZWwMG0Uk9ZQGuWLC96/rFUYd+aQop+KC1qY/FUZHjaQ5UkKCheL4F0iE6ZQhmvHCNt32FUGEycQ0xqHCl6vzF0GvHcQqppICpMCxF09frbQiW2JCp7wxFkP++bQnjFKC1G20FEOHqcQMn9ICZag3FUmnEdQ0XCJCxVo6FkqzudQCycLCV9o0FUHlycQIv/LC1OfxFUAANcQwfFLC5YmvF06TsbQwFNPCB1oCGU7yWaQugpOCJzGEGUpSGbQRoXNCZC7zFEjEBaQFGcMC5RpJGUHX7aQSm2KCNRdfFkRo0aQPVSKCBHCEGEo+waQyt1KC9GXBGkjkkZQTuwGCBuazFku27bQ/4NICNmY8F0+o/dQ6R6JCJcJ7FEH+8dQIx9MCtekwFUAoIcQ S_000003_000
LxHDMCR6FZGkf5DaQr61MCRyrcGkVYpaQMERMCtfNeGkKlZZQ87fKC5fOaGkSqPaQhFfJC58kWGkGJzZQ15LIClKnWGE6BLaQOYXICdU5QGkmayaQYzzHCVAbhG0THcaQ83RHCpHOnGEEZ6ZQlXbHCJxZUG0fzQbQTbxGC9kOeGkSg9aQYFhFCVYWbGkmzraQCpJICt3JWG08L5bQhUdHCNi3XGEm4fcQ0dOGCBh8XGEa2gcQuxKIChnVZG0fTEdQzEgJCpPNZG0bRCdQVcKKCJflaGE9gmdQVTOKCBQjXG0prbcQb5gJCBVDWG0AS4bQ2ltJCxlWPGkFXpZQQqcJCZAYbG0zXaZQ/hgHC1JATG0im5ZQTomIChd3kGEtQoaQFnvGCJe8OG0ACWbQKFqGCBm0jG0pJTbQxKSFC15cgGEuNVaQ3IJLCZAjaGEUgmdQLGrJChcpbGUXWBeQ6BNLCNagXGEAXbcQyI/JClB5UG0gOdbQ S_000003_000
LjQeHClFxzGk0k2ZQZUzICdTG3G0wMFaQGBBHChj21Gk8iKZQ1FfGClFz4Gk+yYaQzhGFC5kY4Gk9oQaQPfXEC9ow7G0bS4aQ8SvECNIw0GEqGbbQzh2ECZ5QGHE+TJbQx1TEC5OfOHkqxvaQvJpEC9TN6GUO0CcQKxQECZQgFHEUN2bQ5l2CCdnvFHklD1bQ1N5FC9894GUf/ccQCs6FC9mE7GErcIdQUN+ECJGE+GUKcddQJbHHCV3k5G0eUcdQ2jSICZ5Q2Gk78JdQCsSJCh/U1GknvfdQlDNIC5QL0GklDdcQXPCHCZQg1GEW5IcQjV4HCRKdRHkLPecQr22EC5nDxGUasIaQkB5ECZLM9GkE04ZQJ3ZDCtWJ7G0tFzaQoN1FCh3WGHUc3IbQiS6DC5gA3G0ETTcQC8nECxXDLHkFFJcQrFkCCtzvLHkzGjbQPFJHCpcC7Gk8G7dQnr/IC5MyxGkeMNcQxKAHCJ5B0GkLJqbQ S_000003_000
LxgYKCRhrDHEVjfhQf/ULCFsy8GEVjThQTiJKCFDCCH0Jx2hQEtAJCJFuDHkpbShQ/p2HC1jCJHEUNahQR2+GCNy2LHUzMHhQepzHCpZmNHE8n0gQ2OHGCtHFDH0Gv+gQIF+EC5luCHkuJLhQRLCHChVONHUGEigQmuxFCpvfHH0GvogQhrvEC5QLPH0FZpgQSMgHCZPK/G0w1reQZ7kGCpbSFHUgV+eQNehGChqxIHUFumfQb8iHChrHFHEW58fQx1jICpGv+GksdufQ46hICFCs7GkqxDfQ+TdJCVNe1GERLyeQ+TdJC9Rh8GUwKHgQ0i8ICJbnBH0coXgQtIzHCxgAHHU5QTgQ0MIIClegPH0r6hhQvOYHCtqSEHkdFkhQZ+OKCJa8XHEVu0fQL/SJCFmZYHUE66eQJXfGCxhcSHULaKhQG6mGC1AU8GUtP/gQ9IzGCNcHUH0AlbgQ0KkFC5UwBHEnmegQGHJECtteNHUsR1gQAc1FCNRjHHkK8reQE8YJCh3dzGUN7TeQWgNKCF05yG09ZDfQtBXJCN2nBHEt2lgQ S_000003_000
LqGXECFtI3GklDPhQ2OfFCtyhvGUNeRhQiWUDC9na4G0cofhQnErDCZ78zGE+T5gQHvkCCZkt5GkvfygQuecCCZkt2GUKcbgQXPyDC5QL1GEUNUgQGZzBC125rGUktXgQQglAC9owtGUzMNgQqxrDCpvfvGE+TBgQlYwCCpFZmGkSMIgQlYACCtHFiGUKctfQBr0GCxKHhGUiBReQ1NhFCJaRkGk78NeQdo9ECpFZjGEtIndQzMzECJGEoG0HFueQ67fFChpboG01jSfQShzGCBVjlGkrHZfQ/UjHCR0ihGksd2eQtduIC14leGU461eQnELHCtxLnG0coBgQf/EGChU4qGkmZKgQBWBFCdR2rGklD5fQlwvCCttWBHEKn0gQq1yBClAo3GUoC7gQhrACCdFm8GUIvTgQjZrBCR1ToGkQflgQK6TDCdWDzGELWpfQyoTDCl9AhGk+cPgQsvnCCZBjeGkjhZfQuXQHC9TZeG0pE3dQX8BECxFjlGE5uidQ+DfFCBKmgGUtFPdQYwAGCVs2sGkJiZgQ S_000003_000
Lwfa+Bd++qG0eUYgQHaR+BhpbwGUwKtgQBrc8BZ6msG00NHgQiBh+BV3keGULyegQdoF+B5QLWG0OfPgQBW59B1hWLGkvfagQiBRACx1jGG0KHcgQ5l+8B557LGkQgxgQFuO6BBW5KGEZ7ygQaReAC9mECGUIwwgQKxQ+BtxLCG0Of7gQ5Q78BxLdxFEDC2gQuzfBClX6HG0is9gQnEDCC14lDGErcQhQlDtBChWk1FUHaXhQzh+CCJGEJG0FZbhQqGXDCBrcSGkpbUhQHaRECJbnXGkZmfhQjs1CCxgAXGkZmBhQCs6BCtyhRGEQ12gQIKl/Bx4FWGU/UFgQJJb8BZhlXG0psHgQ99v8B1bqGGE46RgQf5i9BlVxSGEms3gQyVwACZzS1FkHlugQava+BRI8CG0hCLhQJai8BpYYpFUYGDhQYRlECROqeG0Z2ahQj4oECVlaUGUJqshQSQJDC1fAeGErf8gQh+iBC5gnUGkXtpgQ S_000003_000
LTix4BNIwNGEW5IhQgV+5BRgVXGEueShQPK81BhqxNGUiBDhQvJh5B9S3EGUPKahQ03P4BdTi1FUjXahQepb5B1MzoFkvfshQpbS8B5P1qFkSMqhQam54BpbSyFkmZCiQUNe2BB/pqF0coJiQIFe9BNdTqFECs+hQnvP7B99TpFUwKPiQMdD7BNy2TFU14ViQY6G/BhrH9FkpbCiQCBWACpa88FU3kUiQ4PVACJwKtF0eUgiQY6GBCFDCHGEZ7YiQsHFBChpbPGEDCMiQMI4BCJxgXGU2ORiQ1NRACRLyPGUHa5hQ2jC/BJwKHGk/U1hQmRj7BtJyRGEeUkiQOjj4BZGcuFEumMhQ3kU2BRAm3FknYchQW734BlW2ZF0tBrhQwh54B9y9AG0aWBiQjBj+B5vPdFkwn/hQFHp7BR0LyF0bsbiQDwT5BVAmRFUtociQil5BCdr8dGk8SIiQKTcCCJgCXGEpAeiQz7QAC1YEWGE2BwhQQg59BFQKHGkDmohQ S_000003_000
LaRWLC989kG0jCVgQi1mLCZgssG0jCVgQ2FUMC9b5iG0jCVgQaRWLC989kG0jCFgQStFLChZPdG0jCVgQ+cYKC9dCnG0jCVgQaRWLC989kG0jClgQ S_000003_000
LrD5LCBhM1G0jCVgQxoWLC52Q6GEGcNgQjyxMCNNE4Gk+XUgQ S_000003_000
L7FYNC5qngG0jCVgQY2IOClYQlG0jCVgQdxvNCdrjZG0jCVgQ S_000003_000
LaRWLC989kGkU4mfQ/UHMClfgiGUWZXfQrfmKChttiGEc9VfQ S_000003_000
LKfzKC5YvUG0jCVgQyz/JChLGRG0i2YgQx4TLC5LjPGEAONgQ S_000003_000
L6cUJCBPUpG0jCVgQe+qICRhrkGkboOgQtTAJCdOYwGkX7RgQ S_000003_000
LaRWLC989kGk9o2gQDOrKC5LxoGEjc+gQQ8HMClPTlGUHl/gQ S_000003_000
SCORE:    16.963    -27.755      5.550           0.425          1.509                   -0.367    -28.349      1.393      6.000         22.076              0.000              5.872     -22.839        -3.129           14.315            -0.416             0.000     -21.304     45.540         0.000            0.000      18.400         0.000         0.000                0.043 15959.600          1      1.007       1.007    S_000004_000
RES_NUM A:51-59 B:109-112 A:1 w:1001-1006 S_000004_000
FOLD_TREE  JEDGE 1 10 2 C4 C4  INTRA_RES_STUB  EDGE 10 12 -1  EDGE 12 13 -1  JEDGE 12 9 1 C2 C2  INTRA_RES_STUB  JEDGE 12 14 3 C2 MG  INTRA_RES_STUB  JEDGE 14 15 4 MG O  INTRA_RES_STUB  JEDGE 14 16 5 MG O  INTRA_RES_STUB  JEDGE 14 17 6 MG O  INTRA_RES_STUB  JEDGE 14 18 7 MG O  INTRA_RES_STUB  JEDGE 14 19 8 MG O  INTRA_RES_STUB  JEDGE 14 20 9 MG O  INTRA_RES_STUB  EDGE 9 7 -1  EDGE 1 6 -1  S_000004_000
RT 0.753288 -0.498441 0.429085 -0.276332 0.352169 0.894213 -0.596823 -0.79217 0.127549 -10.1405 -6.63688 5.66118   S_000004_000
RT 0.895266 0.36751 -0.251863 -0.182616 -0.212948 -0.959846 -0.406387 0.905312 -0.123532 7.79245 -13.4155 -5.53342   S_000004_000
RT 0.270103 0.478919 0.835273 0.936884 -0.330773 -0.113306 0.222021 0.813158 -0.538034 -1.05494 -8.22409 6.99525   S_000004_000
RT 0.493835 -0.74948 -0.440915 0.714008 0.63891 -0.286334 0.496307 -0.173415 0.850651 -2.1 5.55112e-16 -5.68434e-15   S_000004_000
RT 0.790796 0.612079 1.30484e-16 -0.612079 0.790796 5.20779e-15 3.08439e-15 -4.19817e-15 1 7.43849e-15 2.1 -3.55271e-15   S_000004_000
RT -0.103085 0.528879 0.842414 -0.856641 -0.477627 0.195034 0.505509 -0.701541 0.502295 3.48826e-15 -6.82732e-15 -2.1   S_000004_000
RT -0.677969 0.710536 -0.188405 0.691663 0.529817 -0.490812 -0.24892 -0.463068 -0.850651 2.1 -8.43769e-15 -1.42109e-15   S_000004_000
RT -0.760032 -0.635482 0.136069 0.497263 -0.703457 -0.507817 0.418427 -0.318295 0.850651 -5.66214e-15 -2.1 3.55271e-15   S_000004_000
RT 0.297504 -0.337169 0.893201 0.807283 0.588306 -0.0468107 -0.509692 0.734992 0.447214 -1.64924e-15 -3.59943e-17 2.1   S_000004_000
ANNOTATED_SEQUENCE: g[RGU:Virtual_Phosphate:BlockStackBelow]gaacu[URA:rna_cutpoint_lower]a[RAD:rna_cutpoint_upper]cu[URA:BlockStackAbove]a[RAD:Virtual_Phosphate:BlockStackBelow]gcc[RCY:BlockStackAbove]Z[MG]wwwwww S_000004_000
LWOMJChqxaG0xLZkQiBRJCxJxiGknvHkQepbKChArXGET3kkQdTaICpZmQGUPKQkQGEYICVjXHG0LddkQkCPHC9TNAGUf/WkQjsFGChqxGG0a8SkQiBZHCBAA2Fk/UBkQiWUICR2OlFkEDCkQxgQFChWkBGkEDEkQ789FCx1juFU149jQBrkFC13PdFklDLkQ5l2CC989GGkQg9iQuzvCCRKc9FE99LjQ7R5BCFYltFUzMHjQDCcDCpvf8F057djQhrPEC5P1GGU6mgjQwfaEClsdPGk8STjQ/UrDCV46PGEAAAjQWOsDCJGEXG0NJyiQlDVFCpZmWGEpwbjQoasFCFtISG0istjQNzEFChWkIGUktxjQ74QICR5mJG0tXskQtWOJCFCgDGkoCckQz1bCCJ9ObGEKz8jQECDBCJWNUGULbojQ0oCHC9Ph2F0xwikQoarHC5HZAGE672jQswYECZ0t/FEtXKkQjLzFCNrDrFUm1ujQr+SGCdfrSFEBgLkQf8TCCB2iGGkkdwiQdoyBCNddhFEFBRjQ6AYBCZMEuFUE75iQXIWGCBCVVGUUg3jQ S_000004_000
LOFYJClYRlF0NAvjQklnJCtLC7FE9lmjQ+sgKChqiXFEHg1jQvJgICZP9ZFUHAdjQ2JDIC95WFF0D6hjQ5k8GCFcP/EkI+SjQDl8FCJNyPFkxETjQw7WHCxdj/EEvu7iQQFJIClQAuE0ts2iQZcUFCR9/PF0MZ/iQNX+FCVng+EULxxiQAPVFC9nrqE0UZ0iQPbCECJnp+FEHNBiQHhmDCFX1qFkjCHiQYCsCCxADiFUPT6hQmXBEC19KgFEfAYiQOo8ECNxTrFEFJjiQaycFCV6A/FEe4eiQor+EC5+GFGEziMiQmHTFCNnBOGUdgFiQJyXGC13NCG0DauiQC8ZGCVbO0F0hX7iQxYjFCdqkkFkEd1iQ8auHCl2IFFUxswjQy4yICtYR7EkjhgjQg6iGC52zxEEL7XjQ6Z2HCl7xMFUzy4iQKCXEC5sFNFkMuAjQFs/FCB8cCFUwliiQgdAGCJjUfE04p0iQ8IqDCtneCG0nM0hQeVVCClZyTFEVj9hQQkXCCxJypFEoqthQSt+GC1wozFkVDIjQ S_000004_000
Lv5KJCRWHvEk49iiQ5jvJCN/AFF0XQiiQX3EKCJvWcEEPZkiQ3rPICZ3GsE0SbOiQUpdHCltVZEExtLiQhZlGCJmzaEUSK4hQx8rFCZi8sEkhJ6hQgPTHCVQmeEE1BjhQH61HCBJoLEkJHahQIZeFCZEc2E0h0lhQj0NGCd0yoEUnUVhQUxUFCZAJZEUCFNhQoZkFCJwf/Fkpo/gQnw+ECRL4sF0pv6gQJ2/ECRwcaFkMbFhQNtuFCxhPcFUpYXhQ7IZGCJISuFEpiehQe9SGCtRYAGU0yRhQ9f4GCJMqJGUwpWhQ51CHCxoKqFUGuxhQU9wGCdeEWF0Jq1hQSS+FCZbpMFEVYmhQae5GCRsVXEU1XYiQzxDIClL/ME06PKiQmXDGC5TrNEU1B3hQ8cBICl1+oEk/OlhQ/EhEClZe2E0mgihQhVmGChTpxEEN6JhQRC1FCNVHME0EyJhQsudECZmzsFUIatgQV4xGCha1PGE+HNhQhlaHCRoTKGk0vjhQG3FHCdedOFk/VCiQ S_000004_000
LVxJJCdB6MEE4cLhQ0wGKCVV4aE0QIXhQRphJChh2sD0WqGhQqIyIC5JXYE05c1gQo82HCB18OEUoAngQ8nbHClfieEU45VgQRhyGCFb7wEkVrfgQBHjIC9iKoE0oeIgQZT+ICt1haEEfWvfQN/GHChOwDF0dOUgQ6y7HC1qD9EEJvAgQMxDHCJHl5EEdXefQyXsICV0hIG0IohgQaE+HCF1GEGUe6RgQZ+lHCd07zFkkaPgQJ9CIClBznF05ofgQhMzICBnkuFEe5wgQjcIJCBeNCGk7rxgQoo2JCx0nGGklVBhQnTFJCNtkdFkrd+gQkNgICl4LNF0UQ1gQt22HCN5NSF0KiigQHUEHCh6PKE0L/ugQIoRICJAgCEUEOggQUpyGCB0cXEk5XMgQ8DUJClhYrEEQwRgQzaSGCZ/1KFk4bPgQe3nICV4sHFExs6fQiifHCxx9vEkC4JfQRQrHCdKCJGEwpGgQdbDKClITOGEJBBhQerLKCphMCGkEKNhQQ3hICpqq+EEwL7gQ S_000004_000
LuuhKC1EmYEEiXkfQHBOLC9/uUEEp1GgQLtnKCtgZIEELuBfQlgCLCF82uEU+uRfQeuhKCRbE3EkrrqeQXV3KCpGcOFUTDleQSBQKCFO7aFU66GfQJvVMCBkOUFU3uneQsNCNC1nrQFUU1AeQaoGLCFZwrFkVxTfQHMTMCZLnrFkDR1eQYDBMCZCM5FUz9ReQZUgLC12DoF0UcAgQCBEMCJGI5Fkb5LgQhHNMC1BWFGER7CgQm8bMC1qL2FUUfggQkhRMCd+JjF0lwpgQhEqMClZ/gF0MH+gQWftLCNZfRF0tjegQ0+VLCBSmUFkxMKgQQYjJCp3X1EUadqeQKN6KCpH8uE020SeQ+vgKCp8STFEScJeQ1pwMCF2xLFUbf+eQx5oKCpbh5Fk7lRfQeAINChS2vF0X8DfQaVAMC5hnwF0eu3dQLQjMCRQNTFkMYFhQI6CNCp+LtFUQxFhQhCmLCZwjDFU7glgQYD9KCB6oIFkEOCgQ S_000004_000
LvfgOCRt2GFEzzBeQEMUPC18kVFkFrceQ+QWOCtGKwE0P7OeQW8GPCpmNHFUvmSdQHe7PCtiR2EEwkDdQUSoPCpV0wEk4hVcQgReOC5O1iEE/PTcQj+QPClOgDFUnm4bQVcZQCtG9OFU5vpbQ4fuNCZCUnE0y4tbQiLeOCVGu4EEFFVbQJtQQCd76nFE1UebQaTcPCdiUqF0x2yaQqNVPCpI3uEkOw2aQQiXMCxXNuEUX+6bQfAbLC1aZwE0q/abQINqLCFv7sEELY1aQ3cLKCF8y2E0imobQLmyJCV4K7E0NBScQaYoICZMzAFEgHZcQAh0KCFHk4EE6YxcQliCMCN+UyE0AClcQloxPC5IlpE0bUVdQ4n3QCp+h6EkM/FdQbwZQC9cWpEk1TJcQBRrOCR6TNFUAPIcQFBqNCpbbaEkfJcbQfU2NC5EuCFE2YHbQfvAQCV7M5EkCwtaQ+lfJC56c4E0acSbQCfoKCZYU7EERrPdQeiuMCtYrwE0+F7cQ S_000004_000
LFzQQCFrwnFUtcebQ7+cPCBlXxFkjUBcQSUpRC14evFU4zWbQxhcPChSLqFUX7yaQT3sOCxbA9FU4FqaQiPSNC1w13FUbFdaQdmvMC5KdnFkpE5aQwNSMCFKDFGEkXgaQDZVMCdvGMG0y48ZQ/UXLCpcArF0qv/aQCT9KCxAY+FUQzkaQ0PZQCxTAPF0e1pbQQCfKCpBI3FUNe8ZQ2v2HCNiw3Fkxx1cQCyvHC5160FUdcLcQiCtIC5RrxFkTjubQNh6JC97dxF0oSBcQL4LKCFhJ0F0bVscQ9eFJCxkc3FEalHdQZYMJCtfS6F01xxdQfSjLCF08yFk18zcQwOEMCR5nvFkn+NcQRfILCB6iuFkw0tbQhzIPCtEcCGkV1SaQourOCluADGERuDbQ8cSNCp7cyFU1n/ZQcUdMCZlGJG0yp6aQpA3KCZ+aeFkwT2aQRiSKCFOlDG0blzaQbgvKClTvAG0dbmZQOS1GC1HS1Fk2HAcQy5YIChWh8FkrJDeQi2EKCN0H6FUDa/dQY3BNCVkDuFED/IcQ S_000004_000
LB0/LCtWgYGkBPDaQzTzMCZHFcGkOgoaQtaNMC1oldG0f0YZQo2cKCdUuZGETVPaQtbbJClFEWGUfKzZQNdIIC9zTWGkdNLaQcYTIClGmQGU+oyaQ2GyHC55LhGExNcaQWvQHCxWCnG0xf6ZQeUYHCd2RUG03LRbQYkvGC55KeGUjy9aQVteFClacbGEFTsaQsVHICd1+VG0oY5bQgvbHClovXGUKQgcQd6MGC9D6XGEnhhcQT3JICdpKZGEmfEdQaHfJCZY8YGETICdQ+IKKCFxRaGEINmdQ+nMKCxHPXGEKXbcQXkeJCFRyVGE+I4bQqLpJCFHyOGEbypZQEQZJCVZxaGETHaZQsacHCBiySGkH65ZQoilICRZhkG0TNoaQD2rGCxb7OGk5qWbQ2JpGChZzjGUXWTbQkdPFCZ/rgGEXSWaQD1ILCR9KaGk38ldQZSrJCR8XbGUPKBeQwVLLCt8HXGk4yacQfT8JCp0lUGED+cbQ S_000004_000
L5AeHCxikzGUby2ZQgPzIChYz2G0lhFaQiGBHCRXt1GUpvKZQrDfGCJ6p4GE2+YaQzhGFC5kY4Gk9oQaQPfXEC9ow7G0bS4aQ8SvECNIw0GEqGbbQzh2ECZ5QGHE+TJbQx1TEC5OfOHkqxvaQvJpEC9TN6GUO0CcQKxQECZQgFHEUN2bQ5l2CCdnvFHklD1bQ1N5FC9894GUf/ccQCs6FC9mE7GErcIdQUN+ECJGE+GUKcddQJbHHCV3k5G0eUcdQ2jSICZ5Q2Gk78JdQCsSJCh/U1GknvfdQlDNIC5QL0GklDdcQXPCHCZQg1GEW5IcQjV4HCRKdRHkLPecQIP2EChAGxGUbdIaQjq5ECpCQ9G0964ZQJ3ZDCtWJ7G0tFzaQoN1FCh3WGHUc3IbQiS6DC5gA3G0ETTcQC8nECxXDLHkFFJcQ8GkCCB/hLHkBAibQPFJHCpcC7Gk8G7dQnr/IC5MyxGkeMNcQxKAHCJ5B0GkLJqbQ S_000004_000
LxgYKCRhrDHEVjfhQf/ULCFsy8GEVjThQTiJKCFDCCH0Jx2hQEtAJCJFuDHkpbShQ/p2HC1jCJHEUNahQR2+GCNy2LHUzMHhQepzHCpZmNHE8n0gQ2OHGCtHFDH0Gv+gQIF+EC5luCHkuJLhQRLCHChVONHUGEigQmuxFCpvfHH0GvogQhrvEC5QLPH0FZpgQSMgHCZPK/G0w1reQZ7kGCpbSFHUgV+eQNehGChqxIHUFumfQb8iHChrHFHEW58fQx1jICpGv+GksdufQ46hICFCs7GkqxDfQ+TdJCVNe1GERLyeQ+TdJC9Rh8GUwKHgQ0i8ICJbnBH0coXgQtIzHCxgAHHU5QTgQ0MIIClegPH0r6hhQvOYHCtqSEHkdFkhQZ+OKCJa8XHEVu0fQL/SJCFmZYHUE66eQJXfGCxhcSHULaKhQG6mGC1AU8GUtP/gQ9IzGCNcHUH0AlbgQ0KkFC5UwBHEnmegQyFJEC5ieNHEVR1gQAc1FCNRjHHkK8reQE8YJCh3dzGUN7TeQWgNKCF05yG09ZDfQtBXJCN2nBHEt2lgQ S_000004_000
LqGXECFtI3GklDPhQ2OfFCtyhvGUNeRhQiWUDC9na4G0cofhQnErDCZ78zGE+T5gQHvkCCZkt5GkvfygQuecCCZkt2GUKcbgQXPyDC5QL1GEUNUgQGZzBC125rGUktXgQQglAC9owtGUzMNgQqxrDCpvfvGE+TBgQlYwCCpFZmGkSMIgQlYACCtHFiGUKctfQBr0GCxKHhGUiBReQ1NhFCJaRkGk78NeQdo9ECpFZjGEtIndQzMzECJGEoG0HFueQ67fFChpboG01jSfQShzGCBVjlGkrHZfQ/UjHCR0ihGksd2eQtduIC14leGU461eQnELHCtxLnG0coBgQf/EGChU4qGkmZKgQBWBFCdR2rGklD5fQlwvCCttWBHEKn0gQq1yBClAo3GUoC7gQhrACCdFm8GUIvTgQjZrBCR1ToGkQflgQK6TDCdWDzGELWpfQyoTDCl9AhGk+cPgQsvnCCZBjeGkjhZfQuXQHC9TZeG0pE3dQX8BECxFjlGE5uidQ+DfFCBKmgGUtFPdQYwAGCVs2sGkJiZgQ S_000004_000
Lwfa+Bd++qG0eUYgQHaR+BhpbwGUwKtgQBrc8BZ6msG00NHgQiBh+BV3keGULyegQdoF+B5QLWG0OfPgQBW59B1hWLGkvfagQiBRACx1jGG0KHcgQ5l+8B557LGkQgxgQFuO6BBW5KGEZ7ygQaReAC9mECGUIwwgQKxQ+BtxLCG0Of7gQ5Q78BxLdxFEDC2gQuzfBClX6HG0is9gQnEDCC14lDGErcQhQlDtBChWk1FUHaXhQzh+CCJGEJG0FZbhQqGXDCBrcSGkpbUhQHaRECJbnXGkZmfhQjs1CCxgAXGkZmBhQCs6BCtyhRGEQ12gQIKl/Bx4FWGU/UFgQJJb8BZhlXG0psHgQ99v8B1bqGGE46RgQf5i9BlVxSGEms3gQyVwACZzS1FkHlugQava+BRI8CG0hCLhQ3Xi8BdiYpFEaGDhQYRlECROqeG0Z2ahQj4oECVlaUGUJqshQSQJDC1fAeGErf8gQh+iBC5gnUGkXtpgQ S_000004_000
LTix4BNIwNGEW5IhQgV+5BRgVXGEueShQPK81BhqxNGUiBDhQvJh5B9S3EGUPKahQ03P4BdTi1FUjXahQepb5B1MzoFkvfshQpbS8B5P1qFkSMqhQam54BpbSyFkmZCiQUNe2BB/pqF0coJiQIFe9BNdTqFECs+hQnvP7B99TpFUwKPiQMdD7BNy2TFU14ViQY6G/BhrH9FkpbCiQCBWACpa88FU3kUiQ4PVACJwKtF0eUgiQY6GBCFDCHGEZ7YiQsHFBChpbPGEDCMiQMI4BCJxgXGU2ORiQ1NRACRLyPGUHa5hQ2jC/BJwKHGk/U1hQmRj7BtJyRGEeUkiQOjj4BZGcuFEumMhQ3kU2BRAm3FknYchQW734BlW2ZF0tBrhQwh54B9y9AG0aWBiQjBj+B5vPdFkwn/hQFHp7BR0LyF0bsbiQDxR5BZBbRFkACciQil5BCdr8dGk8SIiQKTcCCJgCXGEpAeiQz7QAC1YEWGE2BwhQQg59BFQKHGkDmohQ S_000004_000
LaRWLC989kG0jCVgQi1mLCZgssG0jCVgQ2FUMC9b5iG0jCVgQaRWLC989kG0jCFgQStFLChZPdG0jCVgQ+cYKC9dCnG0jCVgQaRWLC989kG0jClgQ S_000004_000
LrD5LCBhM1G0jCVgQxoWLC52Q6GEGcNgQjyxMCNNE4Gk+XUgQ S_000004_000
L7FYNC5qngG0jCVgQY2IOClYQlG0jCVgQdxvNCdrjZG0jCVgQ S_000004_000
