SEQUENCE: gcggaguacguaauaacuacgcZZwwwwwwwwwwwww
SCORE:     score     fa_atr     fa_rep    fa_intra_rep    lk_nonpolar    fa_elec_rna_phos_phos     mg_lig     mg_sol    hoh_ref    rna_torsion    suiteness_bonus    rna_sugar_close    fa_stack    stack_elec    geom_sol_fast    hbond_sr_bb_sc    hbond_lr_bb_sc    hbond_sc        ref    free_suite    free_2HOprime    intermol    other_pose    loop_close    linear_chainbreak    time    missing        rms    rms_fill description
REMARK BINARY SILENTFILE    FULL_MODEL_PARAMETERS  FULL_SEQUENCE gcggaguacguaauaacuacgcZZwwwwwwwwwwwww  CONVENTIONAL_RES_CHAIN R:108-111,R:133-137,R:181-187,R:189-190,R:210-213,R:1001-1002,R:1005-1009,w:1001-1008  CUTPOINT_OPEN 4,9,16,18,22-37  DOCK_DOMAIN 1:1-24 2:25 3:26 4:27 5:28 6:29 7:30 8:31 9:32 10:33 11:34 12:35 13:36 14:37  EXTRA_MINIMIZE 11  FIXED_DOMAIN 1-10,16-24  INPUT_DOMAIN 1-11,16-24  SAMPLE 12-15,25-37  WORKING 1-37  RNA_TERMINAL 1,4-5,9-10,17-19,22  RNA_BLOCK_STACK_ABOVE 4,9,18,22  RNA_BLOCK_STACK_BELOW 1,5,10,17,19
SCORE:   352.028    -43.789    354.988           0.653          1.664                   -0.256    -60.100      2.644     11.000         12.503              0.000              3.093     -35.518        -2.168           22.988            -0.159            -1.306     -31.421     68.120        -2.000            0.000      41.400         0.000         9.691                0.000 9698.760          4      1.840       6.957    S_000001_000
RES_NUM R:108-111 R:133-137 R:181-182 R:186-187 R:189-190 R:210-213 R:1001-1002 R:1005-1009 w:1001-1007 S_000001_000
FOLD_TREE  EDGE 1 4 -1  JEDGE 1 16 1 C4 C4  INTRA_RES_STUB  JEDGE 16 15 6 C4 C2  INTRA_RES_STUB  EDGE 15 14 -1  EDGE 16 19 -1  JEDGE 15 13 2 C2 C4  INTRA_RES_STUB  JEDGE 14 5 3 C2 C4  INTRA_RES_STUB  JEDGE 13 20 4 C4 MG  INTRA_RES_STUB  JEDGE 5 10 5 C4 C4  INTRA_RES_STUB  JEDGE 20 22 7 MG O  INTRA_RES_STUB  JEDGE 20 23 8 MG O  INTRA_RES_STUB  JEDGE 20 24 9 MG O  INTRA_RES_STUB  JEDGE 20 25 10 MG O  INTRA_RES_STUB  JEDGE 20 26 11 MG O  INTRA_RES_STUB  JEDGE 20 27 12 MG O  INTRA_RES_STUB  EDGE 5 9 -1  EDGE 10 11 -1  EDGE 13 12 -1  EDGE 20 21 -1  JEDGE 21 28 13 MG O  INTRA_RES_STUB  JEDGE 21 29 14 MG O  INTRA_RES_STUB  JEDGE 21 30 15 MG O  INTRA_RES_STUB  JEDGE 21 31 16 MG O  INTRA_RES_STUB  JEDGE 21 32 17 MG O  INTRA_RES_STUB  JEDGE 21 33 18 MG O  INTRA_RES_STUB  S_000001_000
RT 0.0914936 0.981607 -0.16756 0.887703 -0.156645 -0.43295 -0.451235 -0.109131 -0.885707 9.0618 -10.6111 -7.08643   S_000001_000
RT 0.525558 -0.830129 -0.186214 -0.837917 -0.542959 0.0555906 -0.147254 0.126816 -0.980935 -3.68976 -4.69887 6.73067   S_000001_000
RT -0.797144 0.600152 -0.06617 0.590299 0.751602 -0.29435 -0.126921 -0.273699 -0.953404 7.85127 -3.55737 -2.99027   S_000001_000
RT -0.204701 -0.79349 0.573124 0.123829 -0.601812 -0.78898 0.97096 -0.0905357 0.221449 2.8484 9.82942 -4.7471   S_000001_000
RT 0.535963 0.594764 -0.599165 0.740279 -0.67228 -0.00515027 -0.40587 -0.440789 -0.800609 2.56014 -10.2489 -10.4662   S_000001_000
RT 0.723713 0.683885 -0.0924138 0.651728 -0.721348 -0.234324 -0.226913 0.109354 -0.967756 31.8516 -2.3282 -1.4226   S_000001_000
RT 0.612079 -0.790796 3.55271e-15 0.660215 0.511009 0.550442 -0.435287 -0.336914 0.834874 -2.1 3.80493e-15 -2.04635e-15   S_000001_000
RT 0.790796 0.612079 1.20599e-15 -0.511009 0.660215 0.550442 0.336914 -0.435287 0.834874 -1.63203e-14 1.75323 -1.15593   S_000001_000
RT 0.550375 0.678072 0.48714 -0.271535 -0.406371 0.872429 0.789529 -0.612439 -0.039536 -5.62168e-15 -1.15593 -1.75323   S_000001_000
RT -0.612079 0.790796 3.55271e-15 -0.660215 -0.511009 0.550442 0.435287 0.336914 0.834874 2.1 -3.80493e-15 2.04635e-15   S_000001_000
RT -0.790796 -0.612079 1.20599e-15 0.511009 -0.660215 0.550442 -0.336914 0.435287 0.834874 1.82077e-14 -1.75323 1.15593   S_000001_000
RT -0.535202 -0.331064 0.777146 0.262215 0.809441 0.525403 -0.802996 0.484976 -0.346404 7.4607e-15 1.15593 1.75323   S_000001_000
RT -0.556627 0.660044 0.504489 -0.656246 -0.721709 0.220176 0.50942 -0.208513 0.834874 1.79696 -0.538765 -0.943761   S_000001_000
RT 0.933581 0.322506 -0.156255 -0.126038 0.703653 0.699276 0.33547 -0.633137 0.697565 -0.497404 1.21373 -1.63996   S_000001_000
RT -0.958293 -0.15991 -0.236859 -0.271286 0.76965 0.577965 0.089876 0.618116 -0.780932 0.966199 1.62684 0.910965   S_000001_000
RT -0.0121868 -0.939283 0.342926 -0.451388 0.311187 0.836308 -0.892245 -0.144601 -0.427774 -1.79696 0.538765 0.943761   S_000001_000
RT -0.903503 -0.37991 -0.198371 0.256164 -0.849775 0.46072 -0.343603 0.365447 0.865093 0.497404 -1.21373 1.63996   S_000001_000
RT 0.112944 0.167648 -0.979356 0.88013 -0.474299 0.0203099 -0.461102 -0.864254 -0.201121 -0.966199 -1.62684 -0.910965   S_000001_000
ANNOTATED_SEQUENCE: g[RGU:Virtual_Phosphate:BlockStackBelow]cgg[RGU:BlockStackAbove]a[RAD:Virtual_Phosphate:BlockStackBelow]guac[RCY:BlockStackAbove]g[RGU:Virtual_Phosphate:BlockStackBelow]ua[RAD:Virtual_Phosphate]ac[RCY:Virtual_Phosphate:BlockStackBelow]u[URA:BlockStackAbove]a[RAD:Virtual_Phosphate:BlockStackBelow]cgc[RCY:BlockStackAbove]Z[MG]Z[MG]wwwwwwwww[HOH:VirtualWater]www S_000001_000
LBrAgCZljyI8EDyVQy2RfCxL9tIMUNOVQBrUfC5lu3IsAr8VQueUgCpF5wIc0iMXQT30gCNJG0I8LdzXQgqJhC13PxIc5QfYQHvkhC9n6sIMQ1QYQLyqgCJGkuIs++9YQfUYgCFueyIsTiZZQIFihC14loI8HFuYQ9oIhCxfqqI8hWUZQJbjhCRhLtIcFuyZQbnPhCRKcUIMpwxYQy2lhCpGvXIc0iMZQ++5hC1MTVIMT3sZQSMohCBAAdIcPKIZQOJShCpGveI8fqlYQnE7gCZ5wbIc0iIYQsH5gCd9IWIc46NYQaRmgChVuSIsDtwXQZ7ogCFYFfIsVOUXQ1N1gCJE4jI8fqpXQwfOhCVN+jIMW5YYQ81KhC1j70I8DyIXQmAogCRNc3I8A4DYQ3ZXiCVR6eIMRoSWQ2npiCBHJYIsqgcXQffbhCR1zzIMs9uYQmnUgCxJtsI8ZktYQ68+hClImnIs3Y3YQMz4gChusnIsVahZQTnThC1vGwIc3WAaQ7gPhCh2mQIMtU4YQAkKiCVTaXIszdBaQQO4hCFHaRIcFDwZQuLtgC1LGnI8FwJXQ S_000001_000
LDXXfClYQxIchrvZQFDaeCNHavIcIwOZQW5AfCx0t1Is9oMaQGZzfCdnPsIsSMMaQ++5eCNJGoIsEDWaQ99rfCBVjjIMv0paQktPgCVN+gI83PJaQue0eC1NJfIstz7aQxgYeChrngIM7RlbQ++NgCR1YbIMnEPaQCsyfCd+eaIcIw6aQ14ZgCRLyaI8fqZbQ2OvfCdR2YI8gArZQamxfCJaRTIMT3oZQqxLgCR2uQIM+TFaQ++JfCVO0QIMYlHZQy2heClupTIMEYpYQiW8dCRK8QIsZmJYQkCfeC1hWZIsU4qYQtdGfC56xbI825LZQRyOeCRbcpI83DqaQrjdeC1L7mIcqt7ZQ45IgClXAlIMW8/aQSzDeCNsieIclooaQ3YrgCxDCaIstpPaQByUfCRSDXI8e/8aQaUOgC5eacIMwtzbQSSedCpu3SIsLrlXQj8+dC9eBNIMyGJYQ+mBeCh1abIMNqUYQ/UFfCNPsfIMUkNZQ S_000001_000
LMdDdCpEDeIMoa4bQTiBcCVO0dI84lWbQsH1cCR2ugIs78hcQEYddCls9XIMoaAcQlDVeCNepWIc14hcQqxbeCJwqQI8w1jcQoa0eCdSsOIsmZ6bQxgIdC9owNIMAAscQDC0cCNJGOIsnvXdQNzMeCd9oJIs/UzbQR2edCNzMIIs9occQDXXeCx1jFIsuJ5cQHvEcCxLd/H8xL1ZQXPqcCd8S7HsrHZaQb8qcCV3kwHM/paaQtILdCNJmAIs9o4aQhADdCR14FIsDtwaQqGfcCpbSIIslDNaQoa8bCtcIFIsSMsZQNeZbCpEjGIMXPKZQIwicCZ5wNI8eUQaQoFJdCpZmOI8Jx0aQOJedClBBKIMCsKbQcFNfCtDRYIcvXccQAI+dCZeFYIctu8cQ4rHfCpesPIc624cQBbbcCN3WPIsrYacQJV6eC9+BHIsa3tbQvXrcC94DGI8fRXcQ1hJeC1xnGIcniWdQk1tbCtVa6HciFgZQgCEdCRu5sHsBYzaQibScCBZZsHs8IDaQKJVdCVULSIsxEAbQ S_000001_000
LNeRbCFDCOIsArkdQIFeaCVN+QI8JxEdQ78NbClsdPIsmZSeQlY4aCZm5HIMqGfdQNzcbCtI7DI8NJ6dQfUIbCNy28HsDtodQc9obC1NJ8H8co9cQRLqZCVjX6H8gAjdQ99DZC9Rh3HssdKeQCsyaCtco1HMZ7kcQXktZCRgVxHspbCdQkCHaCh/UnH8vfSdQ4PFZCBrczH8HFOaQv0dZCZQgrHsEDqaQdTaZCxLdhH8LdbaQy25ZCJaRtHM+TRbQXP6ZCltz3HcO0abQLHiZCRhLAIc46BbQBrEZCpbS+HM99XaQNzsYCJEYCIs6m8ZQ99rZCBr8EIcJGYbQc9IaCxLdDIcy29bQU4SaCRf/7HMBWBcQAEuWCxC9+H8w0IcQtJUWC5XpzH8pmZbQe6acChFcEI8aV7dQ5HFbCVLUEIswBXeQqXkbCxwd3Hcrq6dQbWNZCtHUAIsv4WdQl3TbCp3pvH89OZcQQ82YCZAjwH84UzcQVExZCd9gmHcQsvdQE9yYClUSxH89WxZQUYsZC5/gbH8G2taQLsFZCZgAgHMEb+ZQMVWaCVh+FIcW6UcQ S_000001_000
LFD+gC5lueH8w1HlQAA8gCZQgcHssdwkQe+ehCd9oZHs8SVlQBWBhC9RhrH857JlQb8+gC5OfwHsvfelQGE0gCd8S8HsmZclQQgJgCtco9HcepTlQMdPhC99TBIMZ7MlQMI4hCd+eCI8HFWlQDCIgCtdeDIMCsGlQR2ygC9TNGIcxgKlQHaxgCdnPJIsWkdlQjXyeCNHaKI8Mz8jQRL6eC1h2MIMpwPkQktTfC99zKI8hWikQ+TlfCpEjFIMuegkQlYgfCtyhCIMAAOkQNzEfCd9IFIs8S7jQiW8eClYwCIsSMojQ3k4fC14l6H8NJSkQBWFgCBVj6Hc6mmkQWOAgC14FCIsmZwkQuzogCZa6sH8GAnlQejahCh6tvHcIwllQJQmcCRfm7HsYupkQVC/bCJj1EI88XbkQ950gCtwl/HcEoqlQ/+ShCtRg+HMYs/kQwthfCdU0FI8AnLlQWa7gChkZIIszO+kQNdNhC9gFJI8uiklQkGreCRHqQIMACQkQsJpeCBL1EIMtxbjQ5QJfCBY49Hc3omjQJBPgC9SJ0HclQukQ S_000001_000
LJGgiCtxrDI8jCHlQyLhiCZPK/HMAA2kQGEEjCVNeEIcy2VlQ5lWiChALJIMCs6kQIwWiCdTCOIMAAGlQmuBiC1MTSIM/p4kQKxYhChpbQIsX6wkQBWZiC9owTIcjXkkQMd7iCFCMXIsCXpkQT3QhCJwqSI81jckQXk1hCBAgWIcMIYkQueshC1NpbIsBBgkQv0pgClYQPIMsyPjQW5ogCVj3TIs/UbjQSMcgCZkNYIcjXQjQiW0gC1NJUI8isvjQ9oAhC9SXPIMpw3jQY6ChCxggKI8fqtjQIF2gCFsSKIMDCYjQ+T1gClBhGI8OfLjQNeRhChrnGIckt7jQepXhCJwKJIMsyNkQmuNhCxggOI8kYMkQeLHiC5RkNIMaeTlQLa0iCpYCPIcqLJlQOH9hCBheVIM4jBlQnqjiCZPfQIMTedkQV71gCh7qUIM7JdkQ5i7hC54mWIsFvIkQhkuhCZXOeI8bQUkQLWhgCdTcPIMxtAjQEPbgC1atbIMycXjQS4TgCZV5XI8tTBjQ8CihCZNbHIMb1akQ S_000001_000
LmZijC57HYIsQgZkQzhujCFDCTIcc9OkQsHBkCtxLbIMCsmkQJGQjC557bIsQgHkQ7RFjCd8ShI8kYMkQQg1iC5O/jIMXP4jQMdPiCh/UhIcIwwjQb8SjCxKnjI8jCljQEY1jCRLSnIMoamjQsyNiCxLdhIMXPajQktziCpw1kIMtITjQf/oiCd8SqIcGESjQQgNiC56xbIstzRjQNeBiChWEbIsU48iQ673hChVueI8gAxiQZ7AiCJE4VIs++1iQktLiCRKcRIs++BjQy2JiC1NJNIs8S5iQbnXiCVjXSIstzXjQGEYiCpvfXI84lejQi7uiCdHUhIMoYXkQMqejCxgIjIsN7RkQ2luiCJJunIc4g7jQ4GejCle9fIct8jjQ/LzhCtBMjIczoVjQOV+iC5qjjI8sTFjQIHCjCZobsIs8+VjQkE4hC1QSVIMmIniQK+eiCpvWPIMaJhjQaLgiCRwLYIMHetjQ S_000001_000
LU4ikChWklIsX6cjQOJukCFtIgI857jjQxgAlCx1DqIsQghjQW5YkCNyWlIcJGEjQTiRkCJFOqIsoF5iQU4GkCZPKpI857hiQcSgjCxgAmI8xLhiQ8nmkClYwlIMYlViQ7RJlClYwoIcktNiQLyijCR2OiIMueQiQpbKkCVMojIMmuDiQ9oAkCNyWnI8LdzhQmuRjCNzsOIsED+hQnvPjChrHTI8hWyhQHvUjCZPKYIsDt4hQKxcjCVOUYIsnvNiQ67fjCZ6GUIstzbiQdoZjC5O/OIsuJTiQShbjC98dKIc3keiQfUojCR14VIMUNwiQ2jqjCxKHbIcy2tiQVjjjC1MzcI8LdZiQ5r5jCdJHsI8H6/iQMRrkCZjcsIM695iQ8LCkCBelsIsPraiQKXxkCdA6iIct7eiQUdJjChxliIs1UHiQtiWkCduYgIM0T9hQ5aZkClJspIsPNxhQU3JjCx4oSIcJEjhQvHXjClcAHIsTiXiQ7PhjCNXnKI8l+tiQMTwjCFOkdI8Lw5iQ S_000001_000
LEt4lCpwVmI8KHOiQiWAmCpFZjIcJGiiQNzUmCJaxqIs8SHiQ033lCR14hIstz7hQqxzlCpFZjI8z3lhQFuilCRhreIs/UZhQzM/kCZ5QcIMQ1khQXkBmCx1DaIsYQWhQ++dmCd9IbI80NFhQXk9kC9owWI8cofhQ78hlCx0tVIMAAQhQY6SlCJaRWI8Gv6gQbn/kCxLdTIcKczhQ+T1kCtyBOIsnvxhQVjrkChVOMIs78fhQCs2kCFZ7KI8OfDiQQgBlC9mENIcdTWiQdTClCFu+JIsTiniQZQMlCtHlSIcgVYiQtdKlCxKnVIsDtGiQROomCtqXNIscU6hQBIglCd2bmIM4zkhQm5PmClkdkIMmaghQufYlCVG9fIMwaLhQ4fRmC5HeZIcZjjhQjOikCpUEWIM9eYhQc7tlC9DJSIcvUShQrFqlChQqXIs5wxgQTLKlC93fLIMJc1iQ/B7kChXLGIc2WmiQznUlCRrGUIcqKmiQEwRlC1YaZIcmyHiQ S_000001_000
LjXCjCJbnCHcf/SiQnE7iCZ6mKHc14jiQGEgiC1Mz6Gs78NiQcSMjC13PJHc149hQgqVjCtz3DHsArqhQqxrjC5OfLHMEYbhQU4SkC5OfPH8jClhQb8SjCpZmVHMVjVhQOJ2iCRKcTHMW5EhQWOYkCNHaaHc5QfhQDX3jChWkcH825NhQDCIkCBBWZHs++5gQGZrkCJwKAIMQ16hQ1NxkClCX8Hc0imhQOJ+kCFXvBIMv0XhQzMrkC9TNyHs8ShhQpwdkC5QLsHcGEyhQIwWkCBBWvHM/pGiQgqdkCFXP6Hs++LiQmuZkC5lu+H8LddiQNeJkCJv0mHMtITiQc9IkClDteHMUNGiQxgUkCNHahHMpwxhQRSojCFtw9Gc7xthQq76iC5OQBH8WWkhQWD6lC1JahHsUYNiQtwLmC5PhwHstiDiQ+BzjCJInHH8tOOhQHtDjCxRMYH8MOihQhE1kChSLbHMXTZhQuJvjCpqIkHseiNhQUZVkCxRhfHsXAzgQDWxkCRM+DI8GL9hQwMDlC9olAIctCJhQ8iClCRXfFI8VzbhQRuAkC5IeXHcAoKiQ S_000001_000
LgOJiC5RDZH8k1BhQ0L4hCpSQcHMUuWhQPiwhCZBkSHMrWygQCUViCZRKkHMFZ2gQHyqiCZXCkHMZWigQOpyiC9yavH81pbgQrgJjCVaq0HM5zsgQjkKiCB/51HM5AYgQ8rRiCten9HssIIgQUoyiCtro9H84wzgQLjEiCFvP7H8istgQWeshCNvYCIcD1sgQJL3iCJYn+H8ggLhQ6lDjChmHEIcwOUhQeqMjClo+HIcIZJhQT5FjCVGOEIsdOqhQPV8iCFv+/Hs+k3hQda/iCJ9hAIcI/KiQYWviCVZQ2HsTYthQCdtiCBd71Hc4DYhQ93FjC1fKgHM55jgQf3YiCdTVgHMW1XgQxGEjCV4avH82oOgQjNzhCl6GxHsq3TgQVr7iCJMJCI8RysgQyF4hCVqT2Hc2J4gQTJWhChrACIMW6hgQ0EPjC5MmHI8SuwhQPCoiCxj9vH8P/1hQ3ekiC9DOvHchVRhQ S_000001_000
LzOzmCtiuJIMrOqfQTb1mCRvbFIMdfJfQSv7mClmWPIs9qdfQiIFmCJffJI8/8/fQUJwlCtOPOIskuGgQjvNlCxTENI8U/WgQf6VlC9Y1HIMbSggQc5fkC5k5MIcTeOgQgGDkCxN5OIckUegQPexkCxxgEI8EldgQoRYkCN67GI8YDLgQD0sjCtGYFI8DdLgQNNAmCdKuwHMYuPfQIE3lCJBM7HMAXPfQObilCJXgAIs+csfQVQWlCFA56HcB2GgQeTdlCxvCwHMBUJgQMgzlClXzqH8akxfQap8lC5yXgHMA7xfQSJMlCt9bsH8gfcgQvY7kCdpC1H8VClgQsUAlC5HF+HM/yYgQEQFmC9WqQIMcGNgQVLjlC95+PIsXk0fQqYPlCp1wPIMAXigQ6TdkCBu4OI86CBgQrgfkC5MdEI8ocqgQQIlkCBy1FIcQ46fQNCrjC93fBIcqVJgQp+AmC9pH/HswF2eQMPMmCRbKdHMc6ZfQtvzlCxu6bHcaEFgQEsskC9uB1Hca5ygQ S_000001_000
LoNujCx6uUIMytbgQ87TjClLvUIMb7HgQvrQkCJywYIM1YegQ3eOjCVNOVI81vvgQ++liCtd+SI8FZxgQ7RFiCpbSXIcep1gQBWJiCtcIZIcbnLhQ35XhCJaRVI84lygQWOIhCZm5WIMDCegQQ1ghC14FZIcGEWhQGZ/gCpF5XI8a8EhQT3sgC13vcIcPK+gQx1fhC1jiFI84l0hQaRahCdRWHIM8nghQzhahCVjXMI8FZZhQXkhhC9n6PI80NphQcSohCtcoOIcgV+hQqGnhCJwKJI8HFEiQW5shCFueHI8HFYiQjXuhC1iMTI8kYKiQuzrhC57HXIMCs8hQDCkhClsdVI8bSohQ8HfiCpSIRIsP/jgQS3liCtAYQIcNH9gQXmKiCB0SaIM87rgQ6pXhCxRXRIsY6zgQknbhCJPqcIMpCchQ7NqgCNecVI8ZHLhQ74jgCFwYcIMdNvgQTTVhCJhlEI8NxVhQsyrhCtWpDI8UVbiQmNyhClUEKIMQjjiQQ8uhClA5aIcLxAiQ S_000001_000
LCsCdChrHNI8yhKhQ1NpcCJbnIIsDtYhQO0KcCRf/OIciB5gQJbXdCBqGSIMnEZhQFuudClX6WIciBPhQbnXeCVNeaIMBWfhQIwqfC12ZYIMW5khQ67ndChrnaIcjX0hQf/kcChUYeIsoFzhQ7R5fChVOZI8d+6hQUNueCVNecIM7RDiQBr8eCxL9hI80NBiQ8S/fCZ78TIcNeFiQT3MgCJaxTIMCsaiQpwVgCRK8XIcxgkiQDXPgCBr8OIcMIkiQKcFgC9RhKIc2OZiQNzIgChp7FIMmujiQ67vfCBqmKIMVjDiQb8qfCR1YPI8eU6hQsvWeC97HWIcyXDhQCX7cC5NmYIMDEJhQF1phCh7AOIsyH/hQBXeeCxRDeIMgMZhQUsRdCxyCXIMXk3hQVKXgClgObI8XW9hQkIieCx9dbI8KISiQTKGeCxIwjIskV+hQS7BgCl4jCIsBhciQdJSgCRg6FIcqsyiQdBifCJnSHIc/67hQjlYfC9InPIcUXrhQ S_000001_000
LlDNbCRgVdI8xL/hQKx4aCFDiXIMtI/hQ1NRaCFZbhIczM3hQpbibCpbyeIMShXiQY62bCNzMkIMQ1ciQbnPcChpbkI8NJ0iQ+TddCVjXhIMSh3iQBWRbC1NphI8a8CjQSMIaC5P1kIM+THjQ8nadC989eIsBBMjQvJJcCR14gIspbWjQjXacC5QrlIMZ7gjQQ1gdCBqGZIMaRKjQ3k4dCNdTWIcgVcjQtdGeCBWZYIMmutjQXk9dCV46QIMEYZjQDXvdCdSMOIcxgGjQe+2dCRgVJIMRLGjQ5lWdClCXRIssd0iQSMQdCd9oWIMtI3iQSYWaC5yRSI8RHWjQQbmcC1sZlIcwyTiQb4EbC5ddmI8nFaiQDLacChqKoI8MF4iQTe/aCFUQeI89d8iQKzLeC5URgI8JQUjQ5rwbCRWQeIsZTgjQPEobC9aAoIcD6fjQitMeCx4xOI8s8ljQk7KdCtxpPIcnpmiQoL/cCxRzYIsKyqiQ S_000001_000
LjXiWCB/puH8fqpRQiW8WCJwK5Hc0iMSQ8SnWCJbnsHMoaMQQoFZXC1islHc46ZSQbnHXC57naHchrPSQMIQXClBBVHsrHlTQBWZWCNJGaHsVOkUQfUoYC14lVHcv0NUQRLiZCluJOHcGEoTQ03/WCtxLZH8HF2VQwfSYCR14SHcdTqVQ78FYCpw1HHsTi5VQKx4XC9owuHsU4CZQDCsXCNdTkHMoa8YQEYdXCtxLfH857XYQHvcXCVMImHMUNuXQiBpXCBqGxHcNexXQAA4XC9Rh1HMEYhYQZ7EYCFZ7/HsSMoYQqxjXC57n1HMQ1gWQyLVXCVjXtHsX6uVQPfPXCltzjHcNeZWQPWNWCZSwZHc6f5RQ9KwXCxnlXHMogmRQHmGUCpi3vHsQgPXQ7SUUCBXGuH8kooYQvX+WCxmiNHsngeTQDz+YCpD4cHMwrHUQOTZWCNeNVHspCcWQ0V9YCtBwVHcEASWQJJtYCxEwDHsIIVVQtutXCNhyfHchDWZQXvOYCNASBIcOVFZQ7hEYC5OeCIsfGQYQNOOXC98+tHscvwUQ S_000001_000
LUNGbCdnvQHsQglTQRLSbC9S3bHMAAITQpbybC5luHHcO06SQbnfbC13PQHsSMIVQHahbCZPKGHM7RxVQwfqbCtcoHHMW5QXQqGnaCNHaOH8EDyXQtI7cC1hWNHsWktXQx1DeCJxgGHM/pmXQVjHbCd8SUHsYQcYQW5gcClX6PHcxgkYQXkdcCBW5GHMVj/YQZQIbCFDCgHMCsSYQZQQbC99TnHsAr0YQIFWbCdoFkHMv0ZZQvJRbChU4xHsVOsYQIwKbCtIb1H8hWEYQx1LbCBAAAIsWk9XQCsCbCFXPuHs++BXQy2BbC5lujHcO0SXQeLsaCdWVCHMtgkVQB4RcCBaBCH8nLbVQOMmbC19nAH8snsXQQVDdCtnxTHcLkKXQTljaCFn8SH80W1YQGuFdCpVbVH82CxYQx8KdC9Q5BHM0V3YQwSHbCVLgBIcB2DXQRNRbC1WYCIc4jXYQTz9aCV75wHcGMHWQ2X8aCV9reHcnJjWQ S_000001_000
LR2efCZmZLHsrHNXQU4SfC5luTHs/ULWQiBNgCNHaCHM67/WQ9o4fCxLdRHs++RYQShDgCRgVLHcbn3YQNzIgCR0iSH8HFeZQ14FfCBqGZHcwKjZQf/sgC14laH84laZQZQUhC9owVH8HFmZQv0dfCtcojHcLyuZQ14dgCFZ7iH84l6ZQHahgCpbSfHMQ1kaQZ7MfCdTiFIc46JZQYljfC9mEDIcbnvZQXP6fCR1YGI8IbPaQv0lfCZ6m7HsrH1ZQpwNfC56R2HsuJRZQ6m0eCxLd6HcaRqYQzMzeCBB2CI8xLlYQwKfeC1jiFIsQgFYQXPieCNdTyH8isNYQe+ueCZQgpH8FZjYQFDKfCRgVrH8GvMZQPRWfCJ3iGHMaM8YQMedgCRHCHHcC0zYQqZMgCNTGOHsTr3ZQMRugClRUdHchP9YQnb8eCp0llH8wJIaQRzsgCdcwpHcDp2ZQW46gCFVwaHszSnaQ3LPfCV5cJIsx+IZQCWGgCpW7EIMzCraQDb4fCFKRKI87ILaQ+4meCxzViH8vUXYQ S_000001_000
LWOAiChWkaH8JxUZQY66hCVNedHsCXnYQO0iiCVjXTHspbiZQ7RFiC5kYlHc5QvZQJbPiCR14kHcepbaQzMTiCZPKwHMlYsaQxgshCd++1HcFuiaQQg1iCZkt2H84lWaQy2djCdoF0H8z3naQb82hCFZbAI8jCbaQU4miCBAABIMT3gaQcSwiCtyhCIc5QLbQXPmhCZPKCIcPKwZQWOghCJbnHIMQ1oZQEYphCZm5KIciBFaQc9QhCFCMJI8vfCZQDXHhCpZmFIs6mkYQ033gC55bHI8Ib/XQQ1MhClBBAIcwKrYQoachCViB9HciBRZQwx7iCxJsEIME9hYQKr4hCdcAhHcCpqaQ8dqiCliBhHc7QfaQWAXiCtG5vHMneLbQux0iCx+T1Hs3v3ZQqPohCVvhCIsTDxaQ/iyiCR7lDIMPdMaQOiLjCJg6AI8Q1TbQoXwgCtn7EIcSmRXQ6/zgCNnSLIMv/2XQfYFhCNY26H8o1UYQNmghCxxY1HMzoWZQ S_000001_000
LYlHjC9mECIcgVKeQmfmjCdWCBIcgVKeQc3PjCp47FIcgVKeQYlHjC9mECIcgVqdQKroiCZ3GDIcgVKeQUT/iCZqa8HcgVKeQYlHjC9mECIcgVqeQ S_000001_000
LjspiCpbySIsmZafQEneiCJliWIsmZafQ9pAjCxQ2TIsPyFfQNC9iCJkrTI8/3yfQBy0iCNSCPIsmZafQJvSiClmuRIs9AvfQ4WWiCNT5RIMN7BfQ S_000001_000
LofIkCx7y/HcgVKeQaVUkCV8u4HcgVKeQ33gkCx0NCIcgVKeQ S_000001_000
Lg+YjC94LKIcgVKeQeO1jCJnqLIcgVKeQpbGjC16ONIcgVKeQ S_000001_000
LYlHjC9mECIMtIHdQEHdjCZO+DIMih3cQ9vuiCRQPCIcZQ1cQ S_000001_000
LIrGiC9vPEIcgVKeQW16hCtvxHIcgVKeQ5SuhCFZ7BIcgVKeQ S_000001_000
LQM2iCxp6zHcgVKeQS8ZiCdN9wHcgVKeQHvIjCFm0tHcgVKeQ S_000001_000
LYlHjC9mECIsTiNfQngyiCdHKAI8kpdfQNfZjC5qsDIcqtifQ S_000001_000
LpaSiClvqaIsmZafQg9kiCZxtdIsmZafQsK2hCtdJcIsmZafQ S_000001_000
LS6ZjC93AVIs8GveQvgkjC5cuSIMB9YeQsZsjCtJEYIcGaueQ S_000001_000
LpTSjCNaqUIMh5GgQuPVjCZqBYIcYEOgQzBmjClGWSIcYEOgQ S_000001_000
Lc+AjCxH6KIsmZafQncKjCR1RJIMxc0fQHbNjCtDxIIMSREfQ S_000001_000
Lze5hCZ/jQIcI2CgQUJrhC9asSI8yWNgQxKlhCFj2NIMLP+fQ S_000001_000
LdFBiCFd6QI8KAneQ0hlhClpUPI8PHreQvC9hC94YTIsP/PeQ S_000001_000
SCORE:   350.503    -44.095    355.438           0.658          1.676                   -0.184    -60.102      2.611     11.000         12.640              0.000              3.128     -35.535        -2.465           24.042            -1.263            -1.598     -32.668     68.120        -2.000            0.000      41.400         0.000         9.700                0.000 14376.660          4      1.741       7.224    S_000002_000
RES_NUM R:108-111 R:133-137 R:181-182 R:186-187 R:189-190 R:210-213 R:1001-1002 R:1005-1009 w:1001-1007 S_000002_000
FOLD_TREE  EDGE 1 4 -1  JEDGE 1 16 1 C4 C4  INTRA_RES_STUB  JEDGE 16 15 6 C4 C2  INTRA_RES_STUB  EDGE 15 14 -1  EDGE 16 19 -1  JEDGE 15 13 2 C2 C4  INTRA_RES_STUB  JEDGE 14 5 3 C2 C4  INTRA_RES_STUB  JEDGE 13 20 4 C4 MG  INTRA_RES_STUB  JEDGE 5 10 5 C4 C4  INTRA_RES_STUB  JEDGE 20 22 7 MG O  INTRA_RES_STUB  JEDGE 20 23 8 MG O  INTRA_RES_STUB  JEDGE 20 24 9 MG O  INTRA_RES_STUB  JEDGE 20 25 10 MG O  INTRA_RES_STUB  JEDGE 20 26 11 MG O  INTRA_RES_STUB  JEDGE 20 27 12 MG O  INTRA_RES_STUB  EDGE 5 9 -1  EDGE 10 11 -1  EDGE 13 12 -1  EDGE 20 21 -1  JEDGE 21 28 13 MG O  INTRA_RES_STUB  JEDGE 21 29 14 MG O  INTRA_RES_STUB  JEDGE 21 30 15 MG O  INTRA_RES_STUB  JEDGE 21 31 16 MG O  INTRA_RES_STUB  JEDGE 21 32 17 MG O  INTRA_RES_STUB  JEDGE 21 33 18 MG O  INTRA_RES_STUB  S_000002_000
RT 0.0914936 0.981607 -0.16756 0.887703 -0.156645 -0.43295 -0.451235 -0.109131 -0.885707 9.0618 -10.6111 -7.08643   S_000002_000
RT 0.525558 -0.830129 -0.186214 -0.837917 -0.542959 0.0555906 -0.147254 0.126816 -0.980935 -3.68976 -4.69887 6.73067   S_000002_000
RT -0.797144 0.600152 -0.06617 0.590299 0.751602 -0.29435 -0.126921 -0.273699 -0.953404 7.85127 -3.55737 -2.99027   S_000002_000
RT -0.204701 -0.79349 0.573124 0.123829 -0.601812 -0.78898 0.97096 -0.0905357 0.221449 2.8484 9.82942 -4.7471   S_000002_000
RT 0.535963 0.594764 -0.599165 0.740279 -0.67228 -0.00515027 -0.40587 -0.440789 -0.800609 2.56014 -10.2489 -10.4662   S_000002_000
RT 0.723713 0.683885 -0.0924138 0.651728 -0.721348 -0.234324 -0.226913 0.109354 -0.967756 31.8516 -2.3282 -1.4226   S_000002_000
RT 0.612079 -0.790796 -3.03193e-15 0.660215 0.511009 0.550442 -0.435287 -0.336914 0.834874 -2.1 -2.64884e-16 4.40936e-15   S_000002_000
RT 0.790796 0.612079 0 -0.511009 0.660215 0.550442 0.336914 -0.435287 0.834874 -1.63203e-14 1.75323 -1.15593   S_000002_000
RT 0.550375 0.678072 0.48714 -0.271535 -0.406371 0.872429 0.789529 -0.612439 -0.039536 -1.18876e-14 -1.15593 -1.75323   S_000002_000
RT -0.612079 0.790796 0 -0.660215 -0.511009 0.550442 0.435287 0.336914 0.834874 2.1 2.22045e-15 -1.44329e-15   S_000002_000
RT -0.790796 -0.612079 2.34673e-15 0.511009 -0.660215 0.550442 -0.336914 0.435287 0.834874 1.72085e-14 -1.75323 1.15593   S_000002_000
RT -0.535202 -0.331064 0.777146 0.262215 0.809441 0.525403 -0.802996 0.484976 -0.346404 -1.83902e-15 1.15593 1.75323   S_000002_000
RT -0.556627 0.660044 0.504489 -0.656246 -0.721709 0.220176 0.50942 -0.208513 0.834874 1.80216 -0.492029 -0.959232   S_000002_000
RT 0.954854 0.257333 -0.148436 0.00564867 0.48384 0.875138 0.297021 -0.836468 0.460543 -0.561807 1.16612 -1.65365   S_000002_000
RT -0.946818 -0.178786 -0.267527 -0.303137 0.77444 0.555293 0.107905 0.606859 -0.787451 0.920103 1.67573 0.869096   S_000002_000
RT -0.0121868 -0.939283 0.342926 -0.451388 0.311187 0.836308 -0.892245 -0.144601 -0.427774 -1.80216 0.492029 0.959232   S_000002_000
RT 0.588814 0.803391 -0.088657 0.628841 -0.524251 -0.574212 -0.507796 0.282353 -0.813892 0.561807 -1.16612 1.65365   S_000002_000
RT 0.112944 0.167648 -0.979356 0.88013 -0.474299 0.0203099 -0.461102 -0.864254 -0.201121 -0.920103 -1.67573 -0.869096   S_000002_000
ANNOTATED_SEQUENCE: g[RGU:Virtual_Phosphate:BlockStackBelow]cgg[RGU:BlockStackAbove]a[RAD:Virtual_Phosphate:BlockStackBelow]guac[RCY:BlockStackAbove]g[RGU:Virtual_Phosphate:BlockStackBelow]ua[RAD:Virtual_Phosphate]ac[RCY:Virtual_Phosphate:BlockStackBelow]u[URA:BlockStackAbove]a[RAD:Virtual_Phosphate:BlockStackBelow]cgc[RCY:BlockStackAbove]Z[MG]Z[MG]wwwwwwwww[HOH:VirtualWater]www S_000002_000
LBrAgCZljyI8EDyVQy2RfCxL9tIMUNOVQBrUfC5lu3IsAr8VQueUgCpF5wIc0iMXQT30gCNJG0I8LdzXQgqJhC13PxIc5QfYQHvkhC9n6sIMQ1QYQLyqgCJGkuIs++9YQfUYgCFueyIsTiZZQIFihC14loI8HFuYQ9oIhCxfqqI8hWUZQJbjhCRhLtIcFuyZQbnPhCRKcUIMpwxYQy2lhCpGvXIc0iMZQ++5hC1MTVIMT3sZQSMohCBAAdIcPKIZQOJShCpGveI8fqlYQnE7gCZ5wbIc0iIYQsH5gCd9IWIc46NYQaRmgChVuSIsDtwXQZ7ogCFYFfIsVOUXQ1N1gCJE4jI8fqpXQwfOhCVN+jIMW5YYQ81KhC1j70I8DyIXQmAogCRNc3I8A4DYQ3ZXiCVR6eIMRoSWQ2npiCBHJYIsqgcXQffbhCR1zzIMs9uYQmnUgCxJtsI8ZktYQ68+hClImnIs3Y3YQMz4gChusnIsVahZQ7mThCFqGwIsqXAaQ7gPhCh2mQIMtU4YQAkKiCVTaXIszdBaQQO4hCFHaRIcFDwZQuLtgC1LGnI8FwJXQ S_000002_000
LDXXfClYQxIchrvZQFDaeCNHavIcIwOZQW5AfCx0t1Is9oMaQGZzfCdnPsIsSMMaQ++5eCNJGoIsEDWaQ99rfCBVjjIMv0paQktPgCVN+gI83PJaQue0eC1NJfIstz7aQxgYeChrngIM7RlbQ++NgCR1YbIMnEPaQCsyfCd+eaIcIw6aQ14ZgCRLyaI8fqZbQ2OvfCdR2YI8gArZQamxfCJaRTIMT3oZQqxLgCR2uQIM+TFaQ++JfCVO0QIMYlHZQy2heClupTIMEYpYQiW8dCRK8QIsZmJYQkCfeC1hWZIsU4qYQtdGfC56xbI825LZQRyOeCRbcpI83DqaQrjdeC1L7mIcqt7ZQ45IgClXAlIMW8/aQSzDeCNsieIclooaQ3YrgCxDCaIstpPaQByUfCRSDXI8e/8aQaUOgC5eacIMwtzbQSSedCpu3SIsLrlXQj8+dC9eBNIMyGJYQ+mBeCh1abIMNqUYQ/UFfCNPsfIMUkNZQ S_000002_000
LMdDdCpEDeIMoa4bQTiBcCVO0dI84lWbQsH1cCR2ugIs78hcQEYddCls9XIMoaAcQlDVeCNepWIc14hcQqxbeCJwqQI8w1jcQoa0eCdSsOIsmZ6bQxgIdC9owNIMAAscQDC0cCNJGOIsnvXdQNzMeCd9oJIs/UzbQR2edCNzMIIs9occQDXXeCx1jFIsuJ5cQHvEcCxLd/H8xL1ZQXPqcCd8S7HsrHZaQb8qcCV3kwHM/paaQtILdCNJmAIs9o4aQhADdCR14FIsDtwaQqGfcCpbSIIslDNaQoa8bCtcIFIsSMsZQNeZbCpEjGIMXPKZQIwicCZ5wNI8eUQaQoFJdCpZmOI8Jx0aQOJedClBBKIMCsKbQcFNfCtDRYIcvXccQAI+dCZeFYIctu8cQ4rHfCpesPIc624cQBbbcCN3WPIsrYacQJV6eC9+BHIsa3tbQvXrcC94DGI8fRXcQvRJeC1kmGIcdjWdQk1tbCtVa6HciFgZQgCEdCRu5sHsBYzaQibScCBZZsHs8IDaQKJVdCVULSIsxEAbQ S_000002_000
LNeRbCFDCOIsArkdQIFeaCVN+QI8JxEdQ78NbClsdPIsmZSeQlY4aCZm5HIMqGfdQNzcbCtI7DI8NJ6dQfUIbCNy28HsDtodQc9obC1NJ8H8co9cQRLqZCVjX6H8gAjdQ99DZC9Rh3HssdKeQCsyaCtco1HMZ7kcQXktZCRgVxHspbCdQkCHaCh/UnH8vfSdQ4PFZCBrczH8HFOaQv0dZCZQgrHsEDqaQdTaZCxLdhH8LdbaQy25ZCJaRtHM+TRbQXP6ZCltz3HcO0abQLHiZCRhLAIc46BbQBrEZCpbS+HM99XaQNzsYCJEYCIs6m8ZQ99rZCBr8EIcJGYbQc9IaCxLdDIcy29bQU4SaCRf/7HMBWBcQAEuWCxC9+H8w0IcQtJUWC5XpzH8pmZbQe6acChFcEI8aV7dQ5HFbCVLUEIswBXeQqXkbCxwd3Hcrq6dQbWNZCtHUAIsv4WdQl3TbCp3pvH89OZcQQ82YCZAjwH84UzcQbCxZCB2gmHM2rvdQE9yYClUSxH89WxZQUYsZC5/gbH8G2taQLsFZCZgAgHMEb+ZQMVWaCVh+FIcW6UcQ S_000002_000
LFD+gC5lueH8w1HlQAA8gCZQgcHssdwkQe+ehCd9oZHs8SVlQBWBhC9RhrH857JlQb8+gC5OfwHsvfelQGE0gCd8S8HsmZclQQgJgCtco9HcepTlQMdPhC99TBIMZ7MlQMI4hCd+eCI8HFWlQDCIgCtdeDIMCsGlQR2ygC9TNGIcxgKlQHaxgCdnPJIsWkdlQjXyeCNHaKI8Mz8jQRL6eC1h2MIMpwPkQktTfC99zKI8hWikQ+TlfCpEjFIMuegkQlYgfCtyhCIMAAOkQNzEfCd9IFIs8S7jQiW8eClYwCIsSMojQ3k4fC14l6H8NJSkQBWFgCBVj6Hc6mmkQWOAgC14FCIsmZwkQuzogCZa6sH8GAnlQejahCh6tvHcIwllQJQmcCRfm7HsYupkQVC/bCJj1EI88XbkQ950gCtwl/HcEoqlQ/+ShCtRg+HMYs/kQwthfCdU0FI8AnLlQWa7gChkZIIszO+kQhdNhCRoFJIsciklQkGreCRHqQIMACQkQsJpeCBL1EIMtxbjQ5QJfCBY49Hc3omjQJBPgC9SJ0HclQukQ S_000002_000
LJGgiCtxrDI8jCHlQyLhiCZPK/HMAA2kQGEEjCVNeEIcy2VlQ5lWiChALJIMCs6kQIwWiCdTCOIMAAGlQmuBiC1MTSIM/p4kQKxYhChpbQIsX6wkQBWZiC9owTIcjXkkQMd7iCFCMXIsCXpkQT3QhCJwqSI81jckQXk1hCBAgWIcMIYkQueshC1NpbIsBBgkQv0pgClYQPIMsyPjQW5ogCVj3TIs/UbjQSMcgCZkNYIcjXQjQiW0gC1NJUI8isvjQ9oAhC9SXPIMpw3jQY6ChCxggKI8fqtjQIF2gCFsSKIMDCYjQ+T1gClBhGI8OfLjQNeRhChrnGIckt7jQepXhCJwKJIMsyNkQmuNhCxggOI8kYMkQeLHiC5RkNIMaeTlQLa0iCpYCPIcqLJlQOH9hCBheVIM4jBlQnqjiCZPfQIMTedkQV71gCh7qUIM7JdkQ5i7hC54mWIsFvIkQixuhC1lOeIc1RUkQLWhgCdTcPIMxtAjQEPbgC1atbIMycXjQS4TgCZV5XI8tTBjQ8CihCZNbHIMb1akQ S_000002_000
LmZijC57HYIsQgZkQzhujCFDCTIcc9OkQsHBkCtxLbIMCsmkQJGQjC557bIsQgHkQ7RFjCd8ShI8kYMkQQg1iC5O/jIMXP4jQMdPiCh/UhIcIwwjQb8SjCxKnjI8jCljQEY1jCRLSnIMoamjQsyNiCxLdhIMXPajQktziCpw1kIMtITjQf/oiCd8SqIcGESjQQgNiC56xbIstzRjQNeBiChWEbIsU48iQ673hChVueI8gAxiQZ7AiCJE4VIs++1iQktLiCRKcRIs++BjQy2JiC1NJNIs8S5iQbnXiCVjXSIstzXjQGEYiCpvfXI84lejQi7uiCdHUhIMoYXkQMqejCxgIjIsN7RkQ2luiCJJunIc4g7jQ4GejCle9fIct8jjQ/LzhCtBMjIczoVjQOV+iC5qjjI8sTFjQcHCjClobsIsb+VjQkE4hC1QSVIMmIniQK+eiCpvWPIMaJhjQaLgiCRwLYIMHetjQ S_000002_000
LU4ikChWklIsX6cjQOJukCFtIgI857jjQxgAlCx1DqIsQghjQW5YkCNyWlIcJGEjQTiRkCJFOqIsoF5iQU4GkCZPKpI857hiQcSgjCxgAmI8xLhiQ8nmkClYwlIMYlViQ7RJlClYwoIcktNiQLyijCR2OiIMueQiQpbKkCVMojIMmuDiQ9oAkCNyWnI8LdzhQmuRjCNzsOIsED+hQnvPjChrHTI8hWyhQHvUjCZPKYIsDt4hQKxcjCVOUYIsnvNiQ67fjCZ6GUIstzbiQdoZjC5O/OIsuJTiQShbjC98dKIc3keiQfUojCR14VIMUNwiQ2jqjCxKHbIcy2tiQVjjjC1MzcI8LdZiQ5r5jCdJHsI8H6/iQMRrkCZjcsIM695iQ8LCkCBelsIsPraiQKXxkCdA6iIct7eiQUdJjChxliIs1UHiQtiWkCduYgIM0T9hQ5XZkCR0spIMJQxhQU3JjCx4oSIcJEjhQvHXjClcAHIsTiXiQ7PhjCNXnKI8l+tiQMTwjCFOkdI8Lw5iQ S_000002_000
LEt4lCpwVmI8KHOiQiWAmCpFZjIcJGiiQNzUmCJaxqIs8SHiQ033lCR14hIstz7hQqxzlCpFZjI8z3lhQFuilCRhreIs/UZhQzM/kCZ5QcIMQ1khQXkBmCx1DaIsYQWhQ++dmCd9IbI80NFhQXk9kC9owWI8cofhQ78hlCx0tVIMAAQhQY6SlCJaRWI8Gv6gQbn/kCxLdTIcKczhQ+T1kCtyBOIsnvxhQVjrkChVOMIs78fhQCs2kCFZ7KI8OfDiQQgBlC9mENIcdTWiQdTClCFu+JIsTiniQZQMlCtHlSIcgVYiQtdKlCxKnVIsDtGiQROomCtqXNIscU6hQBIglCd2bmIM4zkhQm5PmClkdkIMmaghQufYlCVG9fIMwaLhQ4fRmC5HeZIcZjjhQjOikCpUEWIM9eYhQc7tlC9DJSIcvUShQHMqlCVonXIcquxgQTLKlC93fLIMJc1iQ/B7kChXLGIc2WmiQznUlCRrGUIcqKmiQEwRlC1YaZIcmyHiQ S_000002_000
LjXCjCJbnCHcf/SiQnE7iCZ6mKHc14jiQGEgiC1Mz6Gs78NiQcSMjC13PJHc149hQgqVjCtz3DHsArqhQqxrjC5OfLHMEYbhQU4SkC5OfPH8jClhQb8SjCpZmVHMVjVhQOJ2iCRKcTHMW5EhQWOYkCNHaaHc5QfhQDX3jChWkcH825NhQDCIkCBBWZHs++5gQGZrkCJwKAIMQ16hQ1NxkClCX8Hc0imhQOJ+kCFXvBIMv0XhQzMrkC9TNyHs8ShhQpwdkC5QLsHcGEyhQIwWkCBBWvHM/pGiQgqdkCFXP6Hs++LiQmuZkC5lu+H8LddiQNeJkCJv0mHMtITiQc9IkClDteHMUNGiQxgUkCNHahHMpwxhQRSojCFtw9Gc7xthQq76iC5OQBH8WWkhQWD6lC1JahHsUYNiQtwLmC5PhwHstiDiQ+BzjCJInHH8tOOhQHtDjCxRMYH8MOihQhE1kChSLbHMXTZhQuJvjCpqIkHseiNhQlUXkC19XfHMMgzgQDWxkCRM+DI8GL9hQwMDlC9olAIctCJhQ8iClCRXfFI8VzbhQRuAkC5IeXHcAoKiQ S_000002_000
L0AKiCx+WZHsmVBhQCA4hCxCgcHsqDWhQRqxhCt9JTHM7QxgQW6XiCVpekH8id2gQsDtiCdbZkHcTVigQ9aviCtutvH8TSagQQlGjC1l71Hs5+pgQ0kEiCJ3H1HMsnXgQY4GiCJE68HM8hHgQU7riClw/9HMyOygQyj+hCR2X6H8+YtgQAhihCVjmBIMRFtgQ49yiCRDz+H8W2JhQf+AjCZuJEIMleShQCgJjCNsBII8LnHhQqiFjCFOLEIc2YohQku8iChM2/Hcjw1hQw3BjCRHZAI8mFJiQx/tiCxEQ2HMzqrhQc5piC9uE2Hc4aWhQbzJjCZeZhH8OKkgQC5ciCNB5fHsBYYgQw1+iCJcxvHcDpMgQp7uhC95uvHsrGUgQMAxiCNbeCI8pbrgQHX1hCFiL1HseM4gQm5KhCxL2AIsONjgQE4PjCdkgHIcqzuhQrGniCdy7vHcET0hQGwfiCp4cvHsSxPhQ S_000002_000
LYermCBEPIIsdcpfQgPvmCpyCDIM3sSfQdPvmC5qTNIsHDRfQa0+lCV1SIIMDCBgQ+nslCR3KNIsAUIgQkJKlCZPNMI8MwYgQt8RlCRLEHIMJ6igQcSckCtMAMI8VRQgQCy/jCxPUOIM8ifgQhVskCVO2DIcKqhgQ5zTkCJ7AGI8XaOgQQHojCxOkEIsuBPgQezAmC5ELsHsZOqfQBP8lC1iy2H8SvmfQztllC1Re9HsFG/fQo4RlCV6I4HM0YPgQcgTlCpbQtHsVPTgQ7bslCV6DnH8WMFgQmBxlClsecHsW7GgQ8/6kCRMnqHM3/kgQ7XrkCNSzzHMiXrgQH63kCFFV8HMKBfgQrKDmCtRYPIM7sOgQoQglCROFPI8GO4fQl/LlCtABPI8vqjgQT/ZkCBYxNIcdWCgQF6akC5fREI8VmugQjtgkC5gqEIskLBgQe7kjCRtUBIsusXgQWqLmClKH6H813OfQz2CmCJglYHMUR5fQ2iilCtXmYHMzdSgQ9eYkCxWh0HM6z3gQ S_000002_000
Lv4vjCVBZUI8+vcgQp9XjCpTxUI8USIgQ9/UkCZ+9XI8dmggQ3hOjC92NVIsR7vgQ++liCtd+SI8FZxgQ7RFiCpbSXIcep1gQBWJiCtcIZIcbnLhQ35XhCJaRVI84lygQWOIhCZm5WIMDCegQQ1ghC14FZIcGEWhQGZ/gCpF5XI8a8EhQT3sgC13vcIcPK+gQx1fhC1jiFI84l0hQaRahCdRWHIM8nghQzhahCVjXMI8FZZhQXkhhC9n6PI80NphQcSohCtcoOIcgV+hQqGnhCJwKJI8HFEiQW5shCFueHI8HFYiQjXuhC1iMTI8kYKiQuzrhC57HXIMCs8hQDCkhClsdVI8bSohQMRfiC9oJRIcI7jgQ9rliCZ6WQI8OD9gQXmKiCB0SaIM87rgQ6pXhCxRXRIsY6zgQknbhCJPqcIMpCchQ7NqgCNecVI8ZHLhQ74jgCFwYcIMdNvgQTTVhCJhlEI8NxVhQsyrhCtWpDI8UVbiQmNyhClUEKIMQjjiQQ8uhClA5aIcLxAiQ S_000002_000
LCsCdChrHNI8yhKhQ1NpcCJbnIIsDtYhQO0KcCRf/OIciB5gQJbXdCBqGSIMnEZhQFuudClX6WIciBPhQbnXeCVNeaIMBWfhQIwqfC12ZYIMW5khQ67ndChrnaIcjX0hQf/kcChUYeIsoFzhQ7R5fChVOZI8d+6hQUNueCVNecIM7RDiQBr8eCxL9hI80NBiQ8S/fCZ78TIcNeFiQT3MgCJaxTIMCsaiQpwVgCRK8XIcxgkiQDXPgCBr8OIcMIkiQKcFgC9RhKIc2OZiQNzIgChp7FIMmujiQ67vfCBqmKIMVjDiQb8qfCR1YPI8eU6hQsvWeC97HWIcyXDhQCX7cC5NmYIMDEJhQF1phCh7AOIsyH/hQBXeeCxRDeIMgMZhQUsRdCxyCXIMXk3hQVKXgClgObI8XW9hQkIieCx9dbI8KISiQcKGeCRIwjIMUV+hQS7BgCl4jCIsBhciQdJSgCRg6FIcqsyiQdBifCJnSHIc/67hQjlYfC9InPIcUXrhQ S_000002_000
LlDNbCRgVdI8xL/hQKx4aCFDiXIMtI/hQ1NRaCFZbhIczM3hQpbibCpbyeIMShXiQY62bCNzMkIMQ1ciQbnPcChpbkI8NJ0iQ+TddCVjXhIMSh3iQBWRbC1NphI8a8CjQSMIaC5P1kIM+THjQ8nadC989eIsBBMjQvJJcCR14gIspbWjQjXacC5QrlIMZ7gjQQ1gdCBqGZIMaRKjQ3k4dCNdTWIcgVcjQtdGeCBWZYIMmutjQXk9dCV46QIMEYZjQDXvdCdSMOIcxgGjQe+2dCRgVJIMRLGjQ5lWdClCXRIssd0iQSMQdCd9oWIMtI3iQSYWaC5yRSI8RHWjQQbmcC1sZlIcwyTiQb4EbC5ddmI8nFaiQDLacChqKoI8MF4iQTe/aCFUQeI89d8iQKzLeC5URgI8JQUjQ5rwbCRWQeIsZTgjQcDobCdXAoIsi6fjQitMeCx4xOI8s8ljQk7KdCtxpPIcnpmiQoL/cCxRzYIsKyqiQ S_000002_000
LjXiWCB/puH8fqpRQiW8WCJwK5Hc0iMSQ8SnWCJbnsHMoaMQQoFZXC1islHc46ZSQbnHXC57naHchrPSQMIQXClBBVHsrHlTQBWZWCNJGaHsVOkUQfUoYC14lVHcv0NUQRLiZCluJOHcGEoTQ03/WCtxLZH8HF2VQwfSYCR14SHcdTqVQ78FYCpw1HHsTi5VQKx4XC9owuHsU4CZQDCsXCNdTkHMoa8YQEYdXCtxLfH857XYQHvcXCVMImHMUNuXQiBpXCBqGxHcNexXQAA4XC9Rh1HMEYhYQZ7EYCFZ7/HsSMoYQqxjXC57n1HMQ1gWQyLVXCVjXtHsX6uVQPfPXCltzjHcNeZWQPWNWCZSwZHc6f5RQ9KwXCxnlXHMogmRQHmGUCpi3vHsQgPXQ7SUUCBXGuH8kooYQvX+WCxmiNHsngeTQDz+YCpD4cHMwrHUQOTZWCNeNVHspCcWQ0V9YCtBwVHcEASWQ5GtYCFEwDH8yFVVQtutXCNhyfHchDWZQXvOYCNASBIcOVFZQ7hEYC5OeCIsfGQYQNOOXC98+tHscvwUQ S_000002_000
LUNGbCdnvQHsQglTQRLSbC9S3bHMAAITQpbybC5luHHcO06SQbnfbC13PQHsSMIVQHahbCZPKGHM7RxVQwfqbCtcoHHMW5QXQqGnaCNHaOH8EDyXQtI7cC1hWNHsWktXQx1DeCJxgGHM/pmXQVjHbCd8SUHsYQcYQW5gcClX6PHcxgkYQXkdcCBW5GHMVj/YQZQIbCFDCgHMCsSYQZQQbC99TnHsAr0YQIFWbCdoFkHMv0ZZQvJRbChU4xHsVOsYQIwKbCtIb1H8hWEYQx1LbCBAAAIsWk9XQCsCbCFXPuHs++BXQy2BbC5lujHcO0SXQeLsaCdWVCHMtgkVQB4RcCBaBCH8nLbVQOMmbC19nAH8snsXQQVDdCtnxTHcLkKXQTljaCFn8SH80W1YQGuFdCpVbVH82CxYQK+KdC5Y5BHMhW3YQwSHbCVLgBIcB2DXQRNRbC1WYCIc4jXYQTz9aCV75wHcGMHWQ2X8aCV9reHcnJjWQ S_000002_000
LR2efCZmZLHsrHNXQU4SfC5luTHs/ULWQiBNgCNHaCHM67/WQ9o4fCxLdRHs++RYQShDgCRgVLHcbn3YQNzIgCR0iSH8HFeZQ14FfCBqGZHcwKjZQf/sgC14laH84laZQZQUhC9owVH8HFmZQv0dfCtcojHcLyuZQ14dgCFZ7iH84l6ZQHahgCpbSfHMQ1kaQZ7MfCdTiFIc46JZQYljfC9mEDIcbnvZQXP6fCR1YGI8IbPaQv0lfCZ6m7HsrH1ZQpwNfC56R2HsuJRZQ6m0eCxLd6HcaRqYQzMzeCBB2CI8xLlYQwKfeC1jiFIsQgFYQXPieCNdTyH8isNYQe+ueCZQgpH8FZjYQFDKfCRgVrH8GvMZQPRWfCJ3iGHMaM8YQMedgCRHCHHcC0zYQqZMgCNTGOHsTr3ZQMRugClRUdHchP9YQnb8eCp0llH8wJIaQRzsgCdcwpHcDp2ZQW46gCFVwaHszSnaQ3LPfCV5cJIsx+IZQCWGgCpW7EIMzCraQDb4fCFKRKI87ILaQ+4meCxzViH8vUXYQ S_000002_000
LWOAiChWkaH8JxUZQY66hCVNedHsCXnYQO0iiCVjXTHspbiZQ7RFiC5kYlHc5QvZQJbPiCR14kHcepbaQzMTiCZPKwHMlYsaQxgshCd++1HcFuiaQQg1iCZkt2H84lWaQy2djCdoF0H8z3naQb82hCFZbAI8jCbaQU4miCBAABIMT3gaQcSwiCtyhCIc5QLbQXPmhCZPKCIcPKwZQWOghCJbnHIMQ1oZQEYphCZm5KIciBFaQc9QhCFCMJI8vfCZQDXHhCpZmFIs6mkYQ033gC55bHI8Ib/XQQ1MhClBBAIcwKrYQoachCViB9HciBRZQwx7iCxJsEIME9hYQKr4hCdcAhHcCpqaQ8dqiCliBhHc7QfaQWAXiCtG5vHMneLbQux0iCx+T1Hs3v3ZQqPohCVvhCIsTDxaQ/iyiCR7lDIMPdMaQOiLjCJg6AI8Q1TbQoXwgCtn7EIcSmRXQ6/zgCNnSLIMv/2XQfYFhCNY26H8o1UYQNmghCxxY1HMzoWZQ S_000002_000
LYlHjC9mECIcgVKeQmfmjCdWCBIcgVKeQc3PjCp47FIcgVKeQYlHjC9mECIcgVqdQKroiCZ3GDIcgVKeQUT/iCZqa8HcgVKeQYlHjC9mECIcgVqeQ S_000002_000
LjspiCpbySIsmZafQjUfiCpmkWIsmZafQkKAjCdCwTIMM9EfQ1+9iCVDqTIsuJyfQiE0iCpQAPIsmZafQiOTiC500RIMB2vfQRaViCB06RIcepCfQ S_000002_000
LofIkCx7y/HcgVKeQaVUkCV8u4HcgVKeQ33gkCx0NCIcgVKeQ S_000002_000
Lg+YjC94LKIcgVKeQeO1jCJnqLIcgVKeQpbGjC16ONIcgVKeQ S_000002_000
LYlHjC9mECIMtIHdQEHdjCZO+DIMih3cQ9vuiCRQPCIcZQ1cQ S_000002_000
LIrGiC9vPEIcgVKeQW16hCtvxHIcgVKeQ5SuhCFZ7BIcgVKeQ S_000002_000
LQM2iCxp6zHcgVKeQS8ZiCdN9wHcgVKeQHvIjCFm0tHcgVKeQ S_000002_000
LYlHjC9mECIsTiNfQngyiCdHKAI8kpdfQNfZjC5qsDIcqtifQ S_000002_000
LK6TiCl/uaIsmZafQBdmiCZBydIsmZafQNq3hCttNcIsmZafQ S_000002_000
LY4YjChzzUIMiXteQFhfjCdOVSIsp+WeQTQnjC9SCYIsCSleQ S_000002_000
L8SUjC9OnUI87IGgQ+UYjCdI/XIcPGNgQMCojChgQSIcPGNgQ S_000002_000
L7e/iCx31KIsmZafQG9IjCRlNJIMxc0fQm7LjCtzsIIMSREfQ S_000002_000
Lug6hC1DxQIs1tDgQZ+ohC1KoNIcgiDgQ5HqhCVyVTIMajLgQ S_000002_000
LKG/hCZo9QIsVhoeQhijhC50XPIsaoseQcD7hCNEcTIMagReQ S_000002_000
SCORE:   350.970    -46.784    355.714           0.780          1.643                   -0.158    -60.166      2.597     11.000         12.746              0.000              3.182     -38.075        -2.843           24.370            -0.159            -1.358     -32.746     71.880        -2.000            0.000      41.400         0.000         9.948                0.000 12465.320          3      2.279       7.054    S_000003_000
RES_NUM R:108-111 R:133-137 R:181-182 R:185-187 R:189-190 R:210-213 R:1001-1002 R:1005-1009 w:1001-1007 S_000003_000
FOLD_TREE  EDGE 1 4 -1  JEDGE 1 17 1 C4 C4  INTRA_RES_STUB  JEDGE 17 16 6 C4 C2  INTRA_RES_STUB  EDGE 16 15 -1  EDGE 17 20 -1  JEDGE 16 14 2 C2 C4  INTRA_RES_STUB  JEDGE 15 5 3 C2 C4  INTRA_RES_STUB  JEDGE 14 21 4 C4 MG  INTRA_RES_STUB  JEDGE 5 10 5 C4 C4  INTRA_RES_STUB  JEDGE 21 23 7 MG O  INTRA_RES_STUB  JEDGE 21 24 8 MG O  INTRA_RES_STUB  JEDGE 21 25 9 MG O  INTRA_RES_STUB  JEDGE 21 26 10 MG O  INTRA_RES_STUB  JEDGE 21 27 11 MG O  INTRA_RES_STUB  JEDGE 21 28 12 MG O  INTRA_RES_STUB  EDGE 5 9 -1  EDGE 10 11 -1  EDGE 14 12 -1  EDGE 21 22 -1  JEDGE 22 29 13 MG O  INTRA_RES_STUB  JEDGE 22 30 14 MG O  INTRA_RES_STUB  JEDGE 22 31 15 MG O  INTRA_RES_STUB  JEDGE 22 32 16 MG O  INTRA_RES_STUB  JEDGE 22 33 17 MG O  INTRA_RES_STUB  JEDGE 22 34 18 MG O  INTRA_RES_STUB  S_000003_000
RT 0.0914936 0.981607 -0.16756 0.887703 -0.156645 -0.43295 -0.451235 -0.109131 -0.885707 9.0618 -10.6111 -7.08643   S_000003_000
RT 0.525558 -0.830129 -0.186214 -0.837917 -0.542959 0.0555906 -0.147254 0.126816 -0.980935 -3.68976 -4.69887 6.73067   S_000003_000
RT -0.797144 0.600152 -0.06617 0.590299 0.751602 -0.29435 -0.126921 -0.273699 -0.953404 7.85127 -3.55737 -2.99027   S_000003_000
RT -0.204701 -0.79349 0.573124 0.123829 -0.601812 -0.78898 0.97096 -0.0905357 0.221449 2.8484 9.82942 -4.7471   S_000003_000
RT 0.535963 0.594764 -0.599165 0.740279 -0.67228 -0.00515027 -0.40587 -0.440789 -0.800609 2.56014 -10.2489 -10.4662   S_000003_000
RT 0.723713 0.683885 -0.0924138 0.651728 -0.721348 -0.234324 -0.226913 0.109354 -0.967756 31.8516 -2.3282 -1.4226   S_000003_000
RT 0.612079 -0.790796 -5.54309e-15 0.660215 0.511009 0.550442 -0.435287 -0.336914 0.834874 -2.1 -5.02135e-15 3.72681e-15   S_000003_000
RT 0.790796 0.612079 -1.14074e-15 -0.511009 0.660215 0.550442 0.336914 -0.435287 0.834874 -1.9984e-14 1.75323 -1.15593   S_000003_000
RT 0.550375 0.678072 0.48714 -0.271535 -0.406371 0.872429 0.789529 -0.612439 -0.039536 4.42691e-15 -1.15593 -1.75323   S_000003_000
RT -0.612079 0.790796 5.20779e-16 -0.660215 -0.511009 0.550442 0.435287 0.336914 0.834874 2.1 3.9238e-15 1.23766e-15   S_000003_000
RT -0.790796 -0.612079 -1.14074e-15 0.511009 -0.660215 0.550442 -0.336914 0.435287 0.834874 3.37508e-14 -1.75323 1.15593   S_000003_000
RT -0.535202 -0.331064 0.777146 0.262215 0.809441 0.525403 -0.802996 0.484976 -0.346404 -4.42691e-15 1.15593 1.75323   S_000003_000
RT -0.556627 0.660044 0.504489 -0.656246 -0.721709 0.220176 0.50942 -0.208513 0.834874 1.85223 -0.533797 -0.833259   S_000003_000
RT 0.933581 0.322506 -0.156255 -0.126038 0.703653 0.699276 0.33547 -0.633137 0.697565 -0.433527 1.15185 -1.70156   S_000003_000
RT -0.956768 -0.204881 -0.206441 -0.286558 0.785516 0.548498 0.0497863 0.583943 -0.810267 0.889559 1.67282 0.905744   S_000003_000
RT 0.0752751 -0.993845 0.0812778 -0.305782 0.0545756 0.950536 -0.949121 -0.096405 -0.299792 -1.85223 0.533797 0.833259   S_000003_000
RT -0.903503 -0.37991 -0.198371 0.256164 -0.849775 0.46072 -0.343603 0.365447 0.865093 0.433527 -1.15185 1.70156   S_000003_000
RT 0.112944 0.167648 -0.979356 0.88013 -0.474299 0.0203099 -0.461102 -0.864254 -0.201121 -0.889559 -1.67282 -0.905744   S_000003_000
ANNOTATED_SEQUENCE: g[RGU:Virtual_Phosphate:BlockStackBelow]cgg[RGU:BlockStackAbove]a[RAD:Virtual_Phosphate:BlockStackBelow]guac[RCY:BlockStackAbove]g[RGU:Virtual_Phosphate:BlockStackBelow]uu[URA:Virtual_Phosphate]aac[RCY:Virtual_Phosphate:BlockStackBelow]u[URA:BlockStackAbove]a[RAD:Virtual_Phosphate:BlockStackBelow]cgc[RCY:BlockStackAbove]Z[MG]Z[MG]wwwwwwwww[HOH:VirtualWater]www S_000003_000
LBrAgCZljyI8EDyVQy2RfCxL9tIMUNOVQBrUfC5lu3IsAr8VQueUgCpF5wIc0iMXQT30gCNJG0I8LdzXQgqJhC13PxIc5QfYQHvkhC9n6sIMQ1QYQLyqgCJGkuIs++9YQfUYgCFueyIsTiZZQIFihC14loI8HFuYQ9oIhCxfqqI8hWUZQJbjhCRhLtIcFuyZQbnPhCRKcUIMpwxYQy2lhCpGvXIc0iMZQ++5hC1MTVIMT3sZQSMohCBAAdIcPKIZQOJShCpGveI8fqlYQnE7gCZ5wbIc0iIYQsH5gCd9IWIc46NYQaRmgChVuSIsDtwXQZ7ogCFYFfIsVOUXQ1N1gCJE4jI8fqpXQwfOhCVN+jIMW5YYQ81KhC1j70I8DyIXQmAogCRNc3I8A4DYQ3ZXiCVR6eIMRoSWQ2npiCBHJYIsqgcXQffbhCR1zzIMs9uYQmnUgCxJtsI8ZktYQ68+hClImnIs3Y3YQMz4gChusnIsVahZQSnThCxvGwI83WAaQ7gPhCh2mQIMtU4YQAkKiCVTaXIszdBaQQO4hCFHaRIcFDwZQuLtgC1LGnI8FwJXQ S_000003_000
LDXXfClYQxIchrvZQFDaeCNHavIcIwOZQW5AfCx0t1Is9oMaQGZzfCdnPsIsSMMaQ++5eCNJGoIsEDWaQ99rfCBVjjIMv0paQktPgCVN+gI83PJaQue0eC1NJfIstz7aQxgYeChrngIM7RlbQ++NgCR1YbIMnEPaQCsyfCd+eaIcIw6aQ14ZgCRLyaI8fqZbQ2OvfCdR2YI8gArZQamxfCJaRTIMT3oZQqxLgCR2uQIM+TFaQ++JfCVO0QIMYlHZQy2heClupTIMEYpYQiW8dCRK8QIsZmJYQkCfeC1hWZIsU4qYQtdGfC56xbI825LZQRyOeCRbcpI83DqaQrjdeC1L7mIcqt7ZQ45IgClXAlIMW8/aQSzDeCNsieIclooaQ3YrgCxDCaIstpPaQByUfCRSDXI8e/8aQaUOgC5eacIMwtzbQSSedCpu3SIsLrlXQj8+dC9eBNIMyGJYQ+mBeCh1abIMNqUYQ/UFfCNPsfIMUkNZQ S_000003_000
LMdDdCpEDeIMoa4bQTiBcCVO0dI84lWbQsH1cCR2ugIs78hcQEYddCls9XIMoaAcQlDVeCNepWIc14hcQqxbeCJwqQI8w1jcQoa0eCdSsOIsmZ6bQxgIdC9owNIMAAscQDC0cCNJGOIsnvXdQNzMeCd9oJIs/UzbQR2edCNzMIIs9occQDXXeCx1jFIsuJ5cQHvEcCxLd/H8xL1ZQXPqcCd8S7HsrHZaQb8qcCV3kwHM/paaQtILdCNJmAIs9o4aQhADdCR14FIsDtwaQqGfcCpbSIIslDNaQoa8bCtcIFIsSMsZQNeZbCpEjGIMXPKZQIwicCZ5wNI8eUQaQoFJdCpZmOI8Jx0aQOJedClBBKIMCsKbQcFNfCtDRYIcvXccQAI+dCZeFYIctu8cQ4rHfCpesPIc624cQBbbcCN3WPIsrYacQJV6eC9+BHIsa3tbQvXrcC94DGI8fRXcQ1hJeC1xnGIcniWdQk1tbCtVa6HciFgZQgCEdCRu5sHsBYzaQibScCBZZsHs8IDaQKJVdCVULSIsxEAbQ S_000003_000
LNeRbCFDCOIsArkdQIFeaCVN+QI8JxEdQ78NbClsdPIsmZSeQlY4aCZm5HIMqGfdQNzcbCtI7DI8NJ6dQfUIbCNy28HsDtodQc9obC1NJ8H8co9cQRLqZCVjX6H8gAjdQ99DZC9Rh3HssdKeQCsyaCtco1HMZ7kcQXktZCRgVxHspbCdQkCHaCh/UnH8vfSdQ4PFZCBrczH8HFOaQv0dZCZQgrHsEDqaQdTaZCxLdhH8LdbaQy25ZCJaRtHM+TRbQXP6ZCltz3HcO0abQLHiZCRhLAIc46BbQBrEZCpbS+HM99XaQNzsYCJEYCIs6m8ZQ99rZCBr8EIcJGYbQc9IaCxLdDIcy29bQU4SaCRf/7HMBWBcQAEuWCxC9+H8w0IcQtJUWC5XpzH8pmZbQe6acChFcEI8aV7dQ5HFbCVLUEIswBXeQqXkbCxwd3Hcrq6dQbWNZCtHUAIsv4WdQl3TbCp3pvH89OZcQQ82YCZAjwH84UzcQUExZCd9gmHcQsvdQE9yYClUSxH89WxZQUYsZC5/gbH8G2taQLsFZCZgAgHMEb+ZQMVWaCVh+FIcW6UcQ S_000003_000
LFD+gC5lueH8w1HlQAA8gCZQgcHssdwkQe+ehCd9oZHs8SVlQBWBhC9RhrH857JlQb8+gC5OfwHsvfelQGE0gCd8S8HsmZclQQgJgCtco9HcepTlQMdPhC99TBIMZ7MlQMI4hCd+eCI8HFWlQDCIgCtdeDIMCsGlQR2ygC9TNGIcxgKlQHaxgCdnPJIsWkdlQjXyeCNHaKI8Mz8jQRL6eC1h2MIMpwPkQktTfC99zKI8hWikQ+TlfCpEjFIMuegkQlYgfCtyhCIMAAOkQNzEfCd9IFIs8S7jQiW8eClYwCIsSMojQ3k4fC14l6H8NJSkQBWFgCBVj6Hc6mmkQWOAgC14FCIsmZwkQuzogCZa6sH8GAnlQejahCh6tvHcIwllQJQmcCRfm7HsYupkQVC/bCJj1EI88XbkQ950gCtwl/HcEoqlQ/+ShCtRg+HMYs/kQwthfCdU0FI8AnLlQWa7gChkZIIszO+kQNdNhCBhFJIsuiklQkGreCRHqQIMACQkQsJpeCBL1EIMtxbjQ5QJfCBY49Hc3omjQJBPgC9SJ0HclQukQ S_000003_000
LJGgiCtxrDI8jCHlQyLhiCZPK/HMAA2kQGEEjCVNeEIcy2VlQ5lWiChALJIMCs6kQIwWiCdTCOIMAAGlQmuBiC1MTSIM/p4kQKxYhChpbQIsX6wkQBWZiC9owTIcjXkkQMd7iCFCMXIsCXpkQT3QhCJwqSI81jckQXk1hCBAgWIcMIYkQueshC1NpbIsBBgkQv0pgClYQPIMsyPjQW5ogCVj3TIs/UbjQSMcgCZkNYIcjXQjQiW0gC1NJUI8isvjQ9oAhC9SXPIMpw3jQY6ChCxggKI8fqtjQIF2gCFsSKIMDCYjQ+T1gClBhGI8OfLjQNeRhChrnGIckt7jQepXhCJwKJIMsyNkQmuNhCxggOI8kYMkQeLHiC5RkNIMaeTlQLa0iCpYCPIcqLJlQOH9hCBheVIM4jBlQnqjiCZPfQIMTedkQV71gCh7qUIM7JdkQ5i7hC54mWIsFvIkQokuhChXOeIscQUkQLWhgCdTcPIMxtAjQEPbgC1atbIMycXjQS4TgCZV5XI8tTBjQ8CihCZNbHIMb1akQ S_000003_000
LmZijC57HYIsQgZkQzhujCFDCTIcc9OkQsHBkCtxLbIMCsmkQJGQjC557bIsQgHkQ7RFjCd8ShI8kYMkQQg1iC5O/jIMXP4jQMdPiCh/UhIcIwwjQb8SjCxKnjI8jCljQEY1jCRLSnIMoamjQsyNiCxLdhIMXPajQktziCpw1kIMtITjQf/oiCd8SqIcGESjQQgNiC56xbIstzRjQNeBiChWEbIsU48iQ673hChVueI8gAxiQZ7AiCJE4VIs++1iQktLiCRKcRIs++BjQy2JiC1NJNIs8S5iQbnXiCVjXSIstzXjQGEYiCpvfXI84lejQi7uiCdHUhIMoYXkQMqejCxgIjIsN7RkQ2luiCJJunIc4g7jQ4GejCle9fIct8jjQ/LzhCtBMjIczoVjQOV+iC5qjjI8sTFjQIHCjCZobsIc8+VjQkE4hC1QSVIMmIniQK+eiCpvWPIMaJhjQaLgiCRwLYIMHetjQ S_000003_000
